time,low,high,open,close,volume,symbol
1749744000,2.5,2.75,2.75,2.552,122005.88,CAKE-USD
1749747600,2.533,2.651,2.552,2.609,67552.92,CAKE-USD
1749751200,2.57,2.619,2.619,2.588,23097.77,CAKE-USD
1749754800,2.546,2.592,2.586,2.552,7765.63,CAKE-USD
1749758400,2.532,2.569,2.549,2.533,10568.65,CAKE-USD
1749762000,2.527,2.582,2.538,2.544,13209.67,CAKE-USD
1749765600,2.54,2.555,2.546,2.54,2708.55,CAKE-USD
1749769200,2.536,2.552,2.538,2.538,4483.29,CAKE-USD
1749772800,2.417,2.538,2.537,2.43,15115.27,CAKE-USD
1749776400,2.375,2.447,2.447,2.404,3851.77,CAKE-USD
1749780000,2.346,2.395,2.392,2.391,9981.93,CAKE-USD
1749783600,2.376,2.442,2.392,2.441,8772.55,CAKE-USD
1749787200,2.396,2.442,2.441,2.403,2305.28,CAKE-USD
1749790800,2.381,2.4,2.397,2.399,2589.55,CAKE-USD
1749794400,2.382,2.43,2.396,2.43,439.33,CAKE-USD
1749798000,2.422,2.451,2.434,2.448,740.22,CAKE-USD
1749801600,2.408,2.468,2.423,2.408,1320.39,CAKE-USD
1749805200,2.399,2.411,2.408,2.4,582.28,CAKE-USD
1749808800,2.39,2.409,2.402,2.407,544.26,CAKE-USD
1749812400,2.395,2.411,2.409,2.399,805.5,CAKE-USD
1749816000,2.391,2.408,2.404,2.399,2312.52,CAKE-USD
1749819600,2.385,2.423,2.393,2.42,792.16,CAKE-USD
1749823200,2.4,2.427,2.427,2.42,3776.99,CAKE-USD
1749826800,2.407,2.445,2.416,2.439,1823.83,CAKE-USD
1749830400,2.426,2.478,2.438,2.448,14792.57,CAKE-USD
1749834000,2.434,2.463,2.447,2.436,12892.39,CAKE-USD
1749837600,2.42,2.443,2.443,2.426,835.67,CAKE-USD
1749841200,2.423,2.466,2.429,2.432,21930.12,CAKE-USD
1749844800,2.431,2.463,2.433,2.456,6926.06,CAKE-USD
1749848400,2.448,2.469,2.456,2.463,7745.71,CAKE-USD
1749852000,2.466,2.53,2.467,2.503,16187.1,CAKE-USD
1749855600,2.492,2.514,2.503,2.496,5746.8,CAKE-USD
1749859200,2.487,2.528,2.496,2.492,19388.83,CAKE-USD
1749862800,2.46,2.491,2.491,2.479,15851.79,CAKE-USD
1749866400,2.465,2.504,2.479,2.467,12997.92,CAKE-USD
1749870000,2.45,2.482,2.471,2.47,8980.76,CAKE-USD
1749873600,2.464,2.513,2.468,2.487,5145.82,CAKE-USD
1749877200,2.467,2.507,2.487,2.491,2327.09,CAKE-USD
1749880800,2.478,2.516,2.492,2.482,1192.89,CAKE-USD
1749884400,2.455,2.48,2.48,2.468,3530.7,CAKE-USD
1749888000,2.438,2.465,2.465,2.454,3729.42,CAKE-USD
1749891600,2.449,2.504,2.457,2.449,1388.81,CAKE-USD
1749895200,2.44,2.501,2.443,2.45,566.11,CAKE-USD
1749895200,2.44,2.501,2.443,2.45,566.11,CAKE-USD
1749898800,2.448,2.458,2.451,2.455,312.42,CAKE-USD
1749902400,2.441,2.462,2.455,2.462,477.62,CAKE-USD
1749906000,2.437,2.479,2.462,2.445,1949.32,CAKE-USD
1749909600,2.428,2.487,2.446,2.434,4413.95,CAKE-USD
1749913200,2.4,2.47,2.434,2.408,2892.53,CAKE-USD
1749916800,2.342,2.415,2.411,2.361,13303.44,CAKE-USD
1749920400,2.343,2.381,2.362,2.36,4339.73,CAKE-USD
1749924000,2.318,2.372,2.36,2.332,4998.12,CAKE-USD
1749927600,2.325,2.346,2.332,2.333,2515.59,CAKE-USD
1749931200,2.311,2.341,2.332,2.334,3379.18,CAKE-USD
1749934800,2.342,2.392,2.342,2.382,10806.89,CAKE-USD
1749938400,2.37,2.419,2.383,2.376,6378.77,CAKE-USD
1749942000,2.379,2.416,2.401,2.38,1536.69,CAKE-USD
1749945600,2.369,2.386,2.383,2.382,2203.84,CAKE-USD
1749949200,2.369,2.389,2.382,2.371,3499.29,CAKE-USD
1749952800,2.371,2.409,2.371,2.385,7647.52,CAKE-USD
1749956400,2.377,2.389,2.382,2.38,590.07,CAKE-USD
1749960000,2.379,2.394,2.38,2.394,1036.85,CAKE-USD
1749963600,2.382,2.407,2.393,2.404,1166.45,CAKE-USD
1749967200,2.381,2.408,2.407,2.381,783.97,CAKE-USD
1749970800,2.369,2.392,2.38,2.389,3174.33,CAKE-USD
1749974400,2.366,2.376,2.375,2.369,1530.61,CAKE-USD
1749978000,2.353,2.368,2.368,2.353,569.05,CAKE-USD
1749981600,2.353,2.362,2.353,2.361,2069.18,CAKE-USD
1749985200,2.351,2.386,2.364,2.356,310.8,CAKE-USD
1749988800,2.352,2.364,2.355,2.364,839.33,CAKE-USD
1749992400,2.332,2.376,2.366,2.342,949.6,CAKE-USD
1749996000,2.314,2.341,2.338,2.34,676.61,CAKE-USD
1749999600,2.319,2.346,2.34,2.319,1958.66,CAKE-USD
1750003200,2.321,2.332,2.322,2.322,1258.41,CAKE-USD
1750006800,2.315,2.325,2.323,2.324,1529.7,CAKE-USD
1750010400,2.318,2.327,2.319,2.319,6349.73,CAKE-USD
1750014000,2.303,2.358,2.318,2.319,11303.49,CAKE-USD
1750017600,2.288,2.349,2.321,2.293,3640.9,CAKE-USD
1750021200,2.283,2.301,2.297,2.301,5277.26,CAKE-USD
1750024800,2.301,2.329,2.301,2.319,13473.43,CAKE-USD
1750028400,2.305,2.319,2.316,2.306,1714.86,CAKE-USD
1750032000,2.304,2.316,2.304,2.316,245.61,CAKE-USD
1750035600,2.303,2.338,2.318,2.338,397.79,CAKE-USD
1750039200,2.336,2.361,2.336,2.354,2240.77,CAKE-USD
1750042800,2.338,2.351,2.35,2.344,632.44,CAKE-USD
1750046400,2.335,2.376,2.339,2.359,2759.16,CAKE-USD
1750050000,2.348,2.371,2.355,2.368,3325.59,CAKE-USD
1750053600,2.362,2.378,2.362,2.372,955.96,CAKE-USD
1750057200,2.368,2.382,2.373,2.376,572.43,CAKE-USD
1750060800,2.361,2.378,2.372,2.376,2972.74,CAKE-USD
1750064400,2.365,2.385,2.376,2.368,560.58,CAKE-USD
1750068000,2.354,2.377,2.367,2.359,1371.74,CAKE-USD
1750071600,2.344,2.369,2.359,2.365,6412.57,CAKE-USD
1750075200,2.35,2.364,2.36,2.364,3979.52,CAKE-USD
1750078800,2.367,2.388,2.37,2.387,2567.69,CAKE-USD
1750082400,2.38,2.4,2.389,2.385,6248.89,CAKE-USD
1750086000,2.375,2.39,2.388,2.375,3824.29,CAKE-USD
1750089600,2.375,2.401,2.375,2.393,3281.01,CAKE-USD
1750093200,2.378,2.39,2.387,2.378,3259.62,CAKE-USD
1750096800,2.378,2.386,2.38,2.382,900.11,CAKE-USD
1750100400,2.368,2.395,2.388,2.369,1549.65,CAKE-USD
1750104000,2.366,2.384,2.372,2.382,1342.83,CAKE-USD
1750107600,2.369,2.379,2.375,2.375,1853.16,CAKE-USD
1750111200,2.315,2.376,2.373,2.323,13123.88,CAKE-USD
1750114800,2.284,2.329,2.321,2.291,5331.05,CAKE-USD
1750118400,2.244,2.305,2.287,2.304,12671.35,CAKE-USD
1750122000,2.278,2.309,2.309,2.283,5514.68,CAKE-USD
1750125600,2.277,2.296,2.281,2.296,1479.36,CAKE-USD
1750129200,2.292,2.308,2.298,2.293,1218.02,CAKE-USD
1750132800,2.268,2.292,2.287,2.278,4558.63,CAKE-USD
1750136400,2.26,2.276,2.273,2.26,555.71,CAKE-USD
1750140000,2.263,2.274,2.27,2.27,492.04,CAKE-USD
1750143600,2.268,2.276,2.27,2.268,438.18,CAKE-USD
1750147200,2.257,2.269,2.269,2.257,5153.24,CAKE-USD
1750150800,2.249,2.266,2.26,2.253,821.25,CAKE-USD
1750154400,2.225,2.248,2.248,2.236,1046.53,CAKE-USD
1750158000,2.225,2.236,2.236,2.225,9.89,CAKE-USD
1750161600,2.224,2.24,2.224,2.231,2073.5,CAKE-USD
1750165200,2.233,2.243,2.233,2.242,5787.18,CAKE-USD
1750168800,2.228,2.241,2.241,2.228,331.32,CAKE-USD
1750172400,2.192,2.227,2.227,2.202,4625.02,CAKE-USD
1750176000,2.175,2.206,2.202,2.175,5025.9,CAKE-USD
1750179600,2.164,2.192,2.176,2.178,2539.63,CAKE-USD
1750183200,2.178,2.192,2.179,2.191,2641.18,CAKE-USD
1750186800,2.203,2.228,2.208,2.214,2250.15,CAKE-USD
1750190400,2.214,2.222,2.217,2.214,248.95,CAKE-USD
1750194000,2.195,2.213,2.209,2.205,2290.37,CAKE-USD
1750197600,2.193,2.211,2.205,2.199,4610.68,CAKE-USD
1750201200,2.194,2.215,2.194,2.21,5067.56,CAKE-USD
1750204800,2.208,2.228,2.216,2.228,480.42,CAKE-USD
1750208400,2.217,2.235,2.23,2.217,839.02,CAKE-USD
1750212000,2.216,2.24,2.222,2.236,821.41,CAKE-USD
1750215600,2.233,2.248,2.233,2.244,883.99,CAKE-USD
1750219200,2.238,2.254,2.242,2.254,2451.12,CAKE-USD
1750222800,2.239,2.25,2.25,2.24,338.7,CAKE-USD
1750226400,2.233,2.239,2.239,2.233,17.78,CAKE-USD
1750230000,2.223,2.234,2.232,2.229,1278.82,CAKE-USD
1750233600,2.205,2.216,2.216,2.211,955.88,CAKE-USD
1750237200,2.197,2.197,2.197,2.197,194.26,CAKE-USD
1750240800,2.16,2.192,2.191,2.16,2658.32,CAKE-USD
1750244400,2.16,2.192,2.164,2.187,3398.17,CAKE-USD
1750248000,2.171,2.189,2.182,2.171,1007.21,CAKE-USD
1750251600,2.137,2.168,2.168,2.159,2422.66,CAKE-USD
1750255200,2.158,2.199,2.158,2.179,2265.88,CAKE-USD
1750258800,2.177,2.188,2.181,2.18,911.36,CAKE-USD
1750262400,2.165,2.18,2.176,2.175,914.46,CAKE-USD
1750266000,2.17,2.196,2.174,2.195,1443.8,CAKE-USD
1750269600,2.185,2.201,2.194,2.19,2276.07,CAKE-USD
1750273200,2.172,2.187,2.172,2.182,690.31,CAKE-USD
1750276800,2.188,2.217,2.188,2.214,2330.38,CAKE-USD
1750280400,2.203,2.22,2.214,2.22,386.49,CAKE-USD
1750284000,2.217,2.225,2.219,2.223,188.71,CAKE-USD
1750287600,2.22,2.235,2.22,2.23,714.91,CAKE-USD
1750291200,2.224,2.245,2.226,2.235,815.05,CAKE-USD
1750294800,2.211,2.235,2.231,2.219,683.85,CAKE-USD
1750298400,2.206,2.232,2.224,2.22,5426.81,CAKE-USD
1750302000,2.219,2.229,2.219,2.228,301.61,CAKE-USD
1750305600,2.219,2.231,2.228,2.225,151.46,CAKE-USD
1750309200,2.228,2.254,2.228,2.234,6414.25,CAKE-USD
1750312800,2.188,2.229,2.229,2.193,4817.86,CAKE-USD
1750316400,2.191,2.201,2.201,2.191,7.46,CAKE-USD
1750320000,2.189,2.196,2.189,2.196,156.85,CAKE-USD
1750323600,2.187,2.225,2.187,2.217,6409.28,CAKE-USD
1750327200,2.197,2.216,2.214,2.215,3970.14,CAKE-USD
1750330800,2.195,2.206,2.203,2.196,1026.34,CAKE-USD
1750334400,2.19,2.203,2.198,2.197,376.24,CAKE-USD
1750338000,2.181,2.196,2.196,2.183,2159.61,CAKE-USD
1750341600,2.179,2.196,2.182,2.185,454.41,CAKE-USD
1750345200,2.183,2.189,2.183,2.188,516.47,CAKE-USD
1750348800,2.182,2.196,2.192,2.182,1280.55,CAKE-USD
1750352400,2.177,2.205,2.189,2.201,1215.11,CAKE-USD
1750356000,2.192,2.213,2.204,2.202,911.81,CAKE-USD
1750359600,2.196,2.209,2.206,2.201,675.94,CAKE-USD
1750363200,2.193,2.205,2.204,2.198,574.64,CAKE-USD
1750366800,2.199,2.207,2.199,2.206,688.97,CAKE-USD
1750370400,2.203,2.214,2.207,2.214,612.18,CAKE-USD
1750374000,2.201,2.21,2.205,2.205,738.83,CAKE-USD
1750377600,2.206,2.215,2.206,2.21,107.47,CAKE-USD
1750381200,2.201,2.207,2.205,2.207,369.6,CAKE-USD
1750384800,2.196,2.21,2.21,2.196,1161.76,CAKE-USD
1750388400,2.192,2.2,2.192,2.2,543.67,CAKE-USD
1750392000,2.183,2.198,2.194,2.183,2051.61,CAKE-USD
1750395600,2.182,2.195,2.184,2.195,513.44,CAKE-USD
1750399200,2.195,2.208,2.197,2.205,1222.3,CAKE-USD
1750402800,2.205,2.227,2.206,2.226,1747.06,CAKE-USD
1750406400,2.229,2.245,2.23,2.237,3226.38,CAKE-USD
1750410000,2.228,2.238,2.238,2.228,979.46,CAKE-USD
1750413600,2.213,2.227,2.227,2.213,613.08,CAKE-USD
1750417200,2.206,2.219,2.219,2.212,1307.26,CAKE-USD
1750420800,2.21,2.222,2.211,2.222,100.27,CAKE-USD
1750424400,2.21,2.228,2.225,2.22,689.06,CAKE-USD
1750428000,2.184,2.219,2.218,2.185,880.08,CAKE-USD
1750431600,2.187,2.204,2.187,2.195,1128.32,CAKE-USD
1750435200,2.172,2.193,2.193,2.172,739.8,CAKE-USD
1750438800,2.137,2.172,2.171,2.172,2480.07,CAKE-USD
1750442400,2.169,2.187,2.174,2.182,2536.35,CAKE-USD
1750446000,2.179,2.188,2.185,2.186,124.37,CAKE-USD
1750449600,2.197,2.207,2.2,2.197,1389.82,CAKE-USD
1750453200,2.184,2.201,2.2,2.193,1497.74,CAKE-USD
1750456800,2.169,2.185,2.185,2.173,472.31,CAKE-USD
1750460400,2.168,2.177,2.174,2.177,294.29,CAKE-USD
1750464000,2.168,2.181,2.177,2.17,648.54,CAKE-USD
1750467600,2.172,2.188,2.172,2.185,475.77,CAKE-USD
1750471200,2.18,2.188,2.185,2.184,3866.82,CAKE-USD
1750474800,2.184,2.191,2.184,2.188,139.33,CAKE-USD
1750478400,2.173,2.187,2.187,2.173,218.56,CAKE-USD
1750482000,2.172,2.183,2.173,2.183,438.64,CAKE-USD
1750485600,2.167,2.182,2.181,2.177,7001.85,CAKE-USD
1750489200,2.164,2.174,2.174,2.164,729.04,CAKE-USD
1750492800,2.166,2.173,2.166,2.173,20.23,CAKE-USD
1750496400,2.168,2.177,2.173,2.177,62.61,CAKE-USD
1750500000,2.168,2.179,2.179,2.17,6.26,CAKE-USD
1750503600,2.167,2.175,2.167,2.175,11.06,CAKE-USD
1750507200,2.168,2.176,2.176,2.168,204.86,CAKE-USD
1750510800,2.147,2.166,2.162,2.15,5918.4,CAKE-USD
1750514400,2.141,2.154,2.147,2.141,1437.54,CAKE-USD
1750518000,2.13,2.146,2.144,2.14,248.65,CAKE-USD
1750521600,2.138,2.147,2.142,2.141,43.25,CAKE-USD
1750525200,2.116,2.146,2.146,2.123,1411.3,CAKE-USD
1750528800,2.117,2.134,2.117,2.126,1256.06,CAKE-USD
1750532400,2.107,2.119,2.118,2.11,229.86,CAKE-USD
1750536000,2.108,2.121,2.111,2.121,333.46,CAKE-USD
1750539600,2.067,2.124,2.123,2.079,3344.77,CAKE-USD
1750543200,2.077,2.101,2.077,2.098,945.49,CAKE-USD
1750546800,2.059,2.099,2.099,2.089,1478.06,CAKE-USD
1750550400,2.076,2.116,2.082,2.116,2110.41,CAKE-USD
1750554000,2.075,2.118,2.113,2.075,5151.54,CAKE-USD
1750557600,2.063,2.076,2.076,2.07,526.36,CAKE-USD
1750561200,2.053,2.072,2.071,2.058,355.43,CAKE-USD
1750564800,2.058,2.074,2.058,2.07,268.73,CAKE-USD
1750568400,2.066,2.076,2.067,2.066,182.33,CAKE-USD
1750572000,2.074,2.089,2.074,2.087,251.52,CAKE-USD
1750575600,2.072,2.084,2.084,2.072,93.19,CAKE-USD
1750579200,2.067,2.071,2.071,2.067,108.71,CAKE-USD
1750582800,2.047,2.057,2.055,2.047,276.82,CAKE-USD
1750586400,2.044,2.056,2.044,2.051,993.87,CAKE-USD
1750590000,2.045,2.056,2.05,2.045,816.14,CAKE-USD
1750593600,2.027,2.044,2.044,2.044,216.35,CAKE-USD
1750597200,1.968,2.02,2.02,1.991,16536.21,CAKE-USD
1750600800,1.97,2.009,1.99,2.003,1073.53,CAKE-USD
1750604400,1.978,2.006,2.001,1.978,563.86,CAKE-USD
1750608000,1.974,1.99,1.985,1.975,1320.25,CAKE-USD
1750611600,1.98,1.998,1.98,1.998,379.6,CAKE-USD
1750615200,1.97,1.998,1.998,1.97,696.71,CAKE-USD
1750618800,1.964,1.974,1.972,1.964,215.52,CAKE-USD
1750622400,1.94,1.974,1.967,1.974,1279.84,CAKE-USD
1750626000,1.966,1.985,1.98,1.966,382.49,CAKE-USD
1750629600,1.965,2.013,1.966,2.013,2623.35,CAKE-USD
1750633200,2.008,2.018,2.011,2.017,781.86,CAKE-USD
1750636800,2.015,2.024,2.017,2.019,650.0,CAKE-USD
1750640400,2.004,2.023,2.014,2.023,2178.1,CAKE-USD
1750644000,2.017,2.031,2.024,2.02,152.71,CAKE-USD
1750647600,2.013,2.021,2.015,2.018,7.34,CAKE-USD
1750651200,2.022,2.03,2.022,2.028,393.51,CAKE-USD
1750654800,2.025,2.042,2.025,2.042,707.8,CAKE-USD
1750658400,2.037,2.047,2.045,2.037,119.55,CAKE-USD
1750662000,2.046,2.053,2.046,2.05,152.54,CAKE-USD
1750665600,2.049,2.054,2.052,2.049,105.14,CAKE-USD
1750669200,2.042,2.047,2.047,2.045,18.04,CAKE-USD
1750672800,2.039,2.043,2.04,2.039,345.22,CAKE-USD
1750676400,2.035,2.041,2.035,2.04,679.12,CAKE-USD
1750680000,2.038,2.058,2.042,2.058,152.08,CAKE-USD
1750683600,2.038,2.073,2.052,2.072,490.91,CAKE-USD
1750687200,2.073,2.082,2.073,2.075,981.86,CAKE-USD
1750690800,2.059,2.084,2.079,2.062,66.89,CAKE-USD
1750694400,2.031,2.065,2.064,2.033,2122.4,CAKE-USD
1750698000,2.039,2.092,2.039,2.089,822.6,CAKE-USD
1750701600,2.103,2.12,2.103,2.117,533.12,CAKE-USD
1750705200,2.11,2.125,2.12,2.117,1112.36,CAKE-USD
1750708800,2.116,2.138,2.12,2.134,1292.82,CAKE-USD
1750712400,2.13,2.142,2.136,2.137,1367.47,CAKE-USD
1750716000,2.138,2.187,2.138,2.177,10722.04,CAKE-USD
1750719600,2.173,2.183,2.183,2.18,588.05,CAKE-USD
1750723200,2.17,2.183,2.182,2.171,178.13,CAKE-USD
1750726800,2.174,2.198,2.174,2.196,1244.14,CAKE-USD
1750730400,2.178,2.2,2.2,2.189,716.09,CAKE-USD
1750734000,2.187,2.197,2.189,2.187,636.29,CAKE-USD
1750737600,2.173,2.186,2.186,2.182,811.7,CAKE-USD
1750741200,2.182,2.207,2.182,2.206,113.66,CAKE-USD
1750744800,2.209,2.22,2.211,2.217,442.59,CAKE-USD
1750748400,2.189,2.217,2.208,2.189,208.9,CAKE-USD
1750752000,2.17,2.179,2.178,2.179,216.39,CAKE-USD
1750755600,2.17,2.192,2.172,2.183,1087.37,CAKE-USD
1750759200,2.172,2.18,2.18,2.175,1578.17,CAKE-USD
1750762800,2.163,2.177,2.173,2.17,306.91,CAKE-USD
1750766400,2.168,2.182,2.176,2.173,1558.22,CAKE-USD
1750770000,2.17,2.185,2.176,2.176,1603.05,CAKE-USD
1750773600,2.177,2.193,2.177,2.186,536.88,CAKE-USD
1750777200,2.174,2.193,2.192,2.179,202.32,CAKE-USD
1750780800,2.175,2.214,2.177,2.214,1734.42,CAKE-USD
1750784400,2.194,2.217,2.217,2.2,288.2,CAKE-USD
1750788000,2.187,2.202,2.2,2.193,230.91,CAKE-USD
1750791600,2.188,2.199,2.199,2.188,264.5,CAKE-USD
1750795200,2.183,2.196,2.191,2.196,1134.7,CAKE-USD
1750795200,2.183,2.196,2.191,2.196,1134.7,CAKE-USD
1750798800,2.19,2.2,2.195,2.2,89.93,CAKE-USD
1750802400,2.192,2.201,2.199,2.195,416.0,CAKE-USD
1750806000,2.19,2.207,2.191,2.207,255.68,CAKE-USD
1750809600,2.191,2.209,2.208,2.207,1855.34,CAKE-USD
1750813200,2.194,2.208,2.202,2.202,151.7,CAKE-USD
1750816800,2.204,2.215,2.213,2.209,15.16,CAKE-USD
1750820400,2.198,2.215,2.198,2.21,357.51,CAKE-USD
1750824000,2.193,2.215,2.213,2.199,474.23,CAKE-USD
1750827600,2.191,2.199,2.191,2.196,17.25,CAKE-USD
1750834800,2.199,2.207,2.203,2.199,70.8,CAKE-USD
1750838400,2.187,2.201,2.201,2.187,107.69,CAKE-USD
1750842000,2.178,2.197,2.192,2.178,18.84,CAKE-USD
1750845600,2.164,2.19,2.181,2.19,8983.6,CAKE-USD
1750849200,2.183,2.194,2.19,2.194,607.5,CAKE-USD
1750852800,2.188,2.194,2.194,2.191,515.33,CAKE-USD
1750856400,2.188,2.213,2.191,2.211,1975.73,CAKE-USD
1750860000,2.183,2.211,2.21,2.192,1060.87,CAKE-USD
1750863600,2.167,2.192,2.192,2.167,2555.62,CAKE-USD
1750867200,2.163,2.174,2.166,2.163,851.64,CAKE-USD
1750870800,2.163,2.185,2.163,2.178,179.79,CAKE-USD
1750874400,2.176,2.182,2.179,2.178,375.89,CAKE-USD
1750878000,2.178,2.192,2.181,2.192,167.91,CAKE-USD
1750881600,2.189,2.196,2.189,2.194,80.49,CAKE-USD
1750885200,2.182,2.202,2.201,2.184,278.44,CAKE-USD
1750888800,2.173,2.183,2.183,2.177,286.59,CAKE-USD
1750892400,2.177,2.181,2.181,2.177,15.0,CAKE-USD
1750896000,2.178,2.185,2.178,2.184,259.16,CAKE-USD
1750899600,2.163,2.193,2.185,2.187,2385.56,CAKE-USD
1750903200,2.176,2.194,2.188,2.194,733.46,CAKE-USD
1750906800,2.184,2.202,2.195,2.184,210.27,CAKE-USD
1750910400,2.173,2.187,2.186,2.18,55.74,CAKE-USD
1750914000,2.17,2.177,2.177,2.17,93.89,CAKE-USD
1750917600,2.178,2.183,2.178,2.183,1376.4,CAKE-USD
1750921200,2.179,2.191,2.179,2.186,135.14,CAKE-USD
1750924800,2.184,2.193,2.189,2.185,262.05,CAKE-USD
1750928400,2.171,2.181,2.181,2.173,68.66,CAKE-USD
1750932000,2.172,2.178,2.174,2.178,590.86,CAKE-USD
1750935600,2.168,2.173,2.173,2.173,36.82,CAKE-USD
1750939200,2.152,2.169,2.169,2.155,4905.99,CAKE-USD
1750942800,2.142,2.159,2.154,2.142,539.52,CAKE-USD
1750946400,2.14,2.16,2.148,2.153,977.23,CAKE-USD
1750950000,2.137,2.155,2.155,2.151,1844.29,CAKE-USD
1750953600,2.14,2.149,2.149,2.141,49.87,CAKE-USD
1750957200,2.135,2.146,2.14,2.135,548.04,CAKE-USD
1750960800,2.128,2.144,2.135,2.134,8249.73,CAKE-USD
1750964400,2.132,2.144,2.135,2.144,468.89,CAKE-USD
1750968000,2.155,2.172,2.155,2.161,367.58,CAKE-USD
1750971600,2.139,2.162,2.16,2.145,765.71,CAKE-USD
1750975200,2.142,2.151,2.148,2.142,30.37,CAKE-USD
1750978800,2.137,2.139,2.139,2.137,74.82,CAKE-USD
1750982400,2.125,2.139,2.137,2.125,945.08,CAKE-USD
1750986000,2.119,2.144,2.122,2.142,91.91,CAKE-USD
1750989600,2.135,2.142,2.139,2.141,478.57,CAKE-USD
1750993200,2.137,2.143,2.142,2.141,30.25,CAKE-USD
1750996800,2.135,2.146,2.14,2.146,200.46,CAKE-USD
1751000400,2.141,2.16,2.142,2.141,42.01,CAKE-USD
1751004000,2.151,2.151,2.151,2.151,6.82,CAKE-USD
1751007600,2.136,2.155,2.149,2.137,17.3,CAKE-USD
1751011200,2.135,2.156,2.136,2.156,457.36,CAKE-USD
1751014800,2.154,2.162,2.154,2.162,122.74,CAKE-USD
1751018400,2.163,2.165,2.163,2.163,55.24,CAKE-USD
1751022000,2.142,2.161,2.161,2.145,713.83,CAKE-USD
1751025600,2.138,2.156,2.145,2.141,1078.12,CAKE-USD
1751029200,2.132,2.147,2.143,2.137,1801.01,CAKE-USD
1751032800,2.14,2.145,2.14,2.143,18.55,CAKE-USD
1751036400,2.139,2.156,2.141,2.156,272.09,CAKE-USD
1751040000,2.158,2.179,2.158,2.168,187.09,CAKE-USD
1751043600,2.142,2.168,2.168,2.142,40.66,CAKE-USD
1751047200,2.136,2.142,2.14,2.137,175.33,CAKE-USD
1751050800,2.135,2.148,2.136,2.145,504.41,CAKE-USD
1751054400,2.148,2.159,2.151,2.152,9621.45,CAKE-USD
1751058000,2.156,2.163,2.159,2.159,328.43,CAKE-USD
1751061600,2.16,2.166,2.16,2.163,80.52,CAKE-USD
1751065200,2.156,2.161,2.16,2.159,102.55,CAKE-USD
1751068800,2.155,2.163,2.159,2.158,49.54,CAKE-USD
1751072400,2.156,2.159,2.156,2.157,149.16,CAKE-USD
1751076000,2.154,2.16,2.16,2.154,32.94,CAKE-USD
1751079600,2.152,2.155,2.154,2.152,27.11,CAKE-USD
1751083200,2.149,2.153,2.153,2.149,36.71,CAKE-USD
1751086800,2.148,2.161,2.148,2.157,58.56,CAKE-USD
1751090400,2.163,2.165,2.165,2.164,208.62,CAKE-USD
1751094000,2.164,2.175,2.164,2.174,101.6,CAKE-USD
1751097600,2.172,2.181,2.176,2.172,805.51,CAKE-USD
1751101200,2.168,2.176,2.173,2.173,260.87,CAKE-USD
1751104800,2.167,2.174,2.174,2.167,124.13,CAKE-USD
1751108400,2.172,2.193,2.172,2.193,3010.39,CAKE-USD
1751112000,2.189,2.199,2.194,2.197,202.17,CAKE-USD
1751115600,2.191,2.205,2.197,2.203,382.07,CAKE-USD
1751119200,2.204,2.217,2.205,2.211,5146.37,CAKE-USD
1751122800,2.201,2.216,2.215,2.21,12762.73,CAKE-USD
1751126400,2.207,2.219,2.211,2.207,2275.85,CAKE-USD
1751130000,2.196,2.215,2.204,2.213,1639.7,CAKE-USD
1751133600,2.207,2.226,2.211,2.215,9476.88,CAKE-USD
1751137200,2.216,2.221,2.216,2.221,42.66,CAKE-USD
1751140800,2.215,2.218,2.218,2.218,382.04,CAKE-USD
1751144400,2.217,2.228,2.217,2.223,1648.33,CAKE-USD
1751148000,2.225,2.23,2.227,2.225,529.29,CAKE-USD
1751151600,2.215,2.225,2.225,2.219,506.2,CAKE-USD
1751155200,2.215,2.227,2.218,2.227,645.4,CAKE-USD
1751158800,2.213,2.23,2.23,2.213,1217.54,CAKE-USD
1751162400,2.205,2.211,2.209,2.209,112.34,CAKE-USD
1751166000,2.204,2.21,2.207,2.207,74.48,CAKE-USD
1751169600,2.205,2.214,2.205,2.214,202.53,CAKE-USD
1751173200,2.215,2.235,2.215,2.235,311.51,CAKE-USD
1751176800,2.234,2.243,2.235,2.243,508.16,CAKE-USD
1751180400,2.24,2.245,2.244,2.242,648.69,CAKE-USD
1751184000,2.245,2.256,2.245,2.253,4442.66,CAKE-USD
1751187600,2.252,2.258,2.253,2.257,81.89,CAKE-USD
1751191200,2.258,2.264,2.259,2.263,437.02,CAKE-USD
1751194800,2.262,2.273,2.265,2.27,969.12,CAKE-USD
1751198400,2.252,2.272,2.271,2.269,1169.54,CAKE-USD
1751202000,2.271,2.287,2.272,2.286,749.71,CAKE-USD
1751205600,2.26,2.287,2.285,2.263,2580.34,CAKE-USD
1751209200,2.255,2.265,2.259,2.255,264.4,CAKE-USD
1751212800,2.25,2.265,2.257,2.262,2602.48,CAKE-USD
1751216400,2.26,2.269,2.262,2.268,2188.06,CAKE-USD
1751220000,2.264,2.271,2.264,2.27,506.86,CAKE-USD
1751223600,2.268,2.272,2.271,2.272,163.15,CAKE-USD
1751227200,2.267,2.271,2.27,2.267,81.55,CAKE-USD
1751230800,2.253,2.276,2.263,2.274,492.95,CAKE-USD
1751234400,2.275,2.308,2.275,2.3,5684.47,CAKE-USD
1751238000,2.299,2.312,2.303,2.302,857.41,CAKE-USD
1751241600,2.303,2.316,2.305,2.307,1109.65,CAKE-USD
1751245200,2.286,2.305,2.304,2.286,1076.62,CAKE-USD
1751248800,2.284,2.296,2.286,2.295,1939.28,CAKE-USD
1751252400,2.294,2.299,2.297,2.298,326.31,CAKE-USD
1751256000,2.286,2.299,2.297,2.286,258.7,CAKE-USD
1751259600,2.288,2.296,2.289,2.296,406.85,CAKE-USD
1751263200,2.271,2.302,2.297,2.275,925.68,CAKE-USD
1751266800,2.282,2.312,2.284,2.312,603.09,CAKE-USD
1751270400,2.311,2.331,2.311,2.331,945.57,CAKE-USD
1751274000,2.311,2.322,2.319,2.311,366.58,CAKE-USD
1751277600,2.296,2.312,2.309,2.298,1345.69,CAKE-USD
1751281200,2.301,2.326,2.301,2.314,1831.78,CAKE-USD
1751284800,2.3,2.318,2.314,2.308,687.58,CAKE-USD
1751288400,2.299,2.315,2.306,2.299,370.23,CAKE-USD
1751292000,2.282,2.304,2.303,2.282,1151.07,CAKE-USD
1751295600,2.282,2.312,2.289,2.303,1412.1,CAKE-USD
1751299200,2.3,2.334,2.303,2.318,1080.06,CAKE-USD
1751302800,2.322,2.333,2.324,2.333,289.61,CAKE-USD
1751306400,2.332,2.346,2.332,2.345,3970.13,CAKE-USD
1751310000,2.341,2.363,2.344,2.363,3266.78,CAKE-USD
1751313600,2.341,2.358,2.355,2.347,10735.25,CAKE-USD
1751317200,2.339,2.36,2.343,2.344,1916.54,CAKE-USD
1751320800,2.344,2.353,2.348,2.353,1503.09,CAKE-USD
1751324400,2.333,2.348,2.347,2.336,1064.62,CAKE-USD
1751328000,2.34,2.355,2.35,2.347,136.59,CAKE-USD
1751331600,2.333,2.344,2.344,2.337,555.21,CAKE-USD
1751335200,2.322,2.348,2.34,2.322,2369.36,CAKE-USD
1751338800,2.317,2.33,2.323,2.327,2651.93,CAKE-USD
1751342400,2.295,2.331,2.33,2.295,13058.23,CAKE-USD
1751346000,2.281,2.297,2.297,2.286,180.63,CAKE-USD
1751349600,2.281,2.295,2.284,2.293,212.2,CAKE-USD
1751353200,2.283,2.292,2.283,2.292,26.56,CAKE-USD
1751356800,2.271,2.284,2.28,2.279,491.98,CAKE-USD
1751360400,2.286,2.286,2.286,2.286,0.03,CAKE-USD
1751364000,2.279,2.284,2.279,2.284,14.81,CAKE-USD
1751367600,2.275,2.278,2.276,2.278,970.1,CAKE-USD
1751371200,2.257,2.283,2.283,2.258,2995.87,CAKE-USD
1751374800,2.257,2.274,2.26,2.263,1449.29,CAKE-USD
1751378400,2.251,2.272,2.266,2.257,211.13,CAKE-USD
1751382000,2.257,2.265,2.264,2.258,2660.38,CAKE-USD
1751385600,2.252,2.259,2.258,2.256,13.71,CAKE-USD
1751389200,2.248,2.255,2.248,2.254,256.85,CAKE-USD
1751392800,2.238,2.252,2.251,2.238,654.35,CAKE-USD
1751396400,2.235,2.254,2.236,2.253,215.66,CAKE-USD
1751400000,2.236,2.245,2.236,2.245,19.56,CAKE-USD
1751403600,2.24,2.249,2.242,2.245,2001.43,CAKE-USD
1751407200,2.251,2.253,2.251,2.252,5.43,CAKE-USD
1751414400,2.235,2.241,2.241,2.235,167.68,CAKE-USD
1751418000,2.225,2.241,2.233,2.24,73.32,CAKE-USD
1751421600,2.242,2.244,2.242,2.244,1115.29,CAKE-USD
1751425200,2.245,2.249,2.245,2.247,1670.33,CAKE-USD
1751428800,2.251,2.263,2.251,2.263,92.4,CAKE-USD
1751432400,2.254,2.264,2.261,2.256,727.76,CAKE-USD
1751436000,2.262,2.282,2.262,2.282,581.12,CAKE-USD
1751439600,2.283,2.288,2.283,2.288,31.72,CAKE-USD
1751443200,2.287,2.306,2.3,2.291,1463.66,CAKE-USD
1751446800,2.294,2.303,2.303,2.295,224.92,CAKE-USD
1751450400,2.28,2.288,2.288,2.284,332.24,CAKE-USD
1751454000,2.275,2.29,2.281,2.275,15.7,CAKE-USD
1751457600,2.28,2.282,2.282,2.282,1.8,CAKE-USD
1751461200,2.294,2.301,2.295,2.301,25.06,CAKE-USD
1751464800,2.302,2.317,2.302,2.317,122.76,CAKE-USD
1751468400,2.318,2.332,2.318,2.33,1071.32,CAKE-USD
1751472000,2.334,2.381,2.334,2.377,8279.34,CAKE-USD
1751475600,2.364,2.388,2.38,2.368,1164.96,CAKE-USD
1751479200,2.37,2.378,2.372,2.372,509.07,CAKE-USD
1751482800,2.37,2.384,2.374,2.384,723.79,CAKE-USD
1751486400,2.377,2.386,2.379,2.38,1091.93,CAKE-USD
1751490000,2.37,2.38,2.376,2.379,808.61,CAKE-USD
1751493600,2.373,2.387,2.376,2.376,428.71,CAKE-USD
1751497200,2.341,2.369,2.368,2.346,4970.61,CAKE-USD
1751500800,2.347,2.36,2.347,2.357,1372.86,CAKE-USD
1751504400,2.36,2.368,2.36,2.368,507.06,CAKE-USD
1751508000,2.348,2.369,2.365,2.357,4831.27,CAKE-USD
1751511600,2.348,2.359,2.359,2.349,57.78,CAKE-USD
1751515200,2.349,2.352,2.349,2.352,6.0,CAKE-USD
1751518800,2.359,2.38,2.359,2.379,131.12,CAKE-USD
1751522400,2.372,2.391,2.376,2.391,322.03,CAKE-USD
1751526000,2.39,2.402,2.39,2.402,683.45,CAKE-USD
1751529600,2.385,2.415,2.408,2.386,923.64,CAKE-USD
1751533200,2.385,2.395,2.386,2.388,809.09,CAKE-USD
1751536800,2.364,2.381,2.38,2.367,852.27,CAKE-USD
1751540400,2.355,2.369,2.369,2.364,2276.87,CAKE-USD
1751544000,2.335,2.377,2.367,2.341,2553.73,CAKE-USD
1751547600,2.338,2.37,2.338,2.363,672.87,CAKE-USD
1751551200,2.336,2.362,2.362,2.336,192.82,CAKE-USD
1751554800,2.304,2.333,2.333,2.304,1072.61,CAKE-USD
1751558400,2.304,2.312,2.307,2.312,639.78,CAKE-USD
1751562000,2.312,2.321,2.312,2.319,758.03,CAKE-USD
1751565600,2.309,2.312,2.312,2.309,1278.11,CAKE-USD
1751569200,2.31,2.327,2.314,2.315,2358.13,CAKE-USD
1751572800,2.317,2.324,2.319,2.317,273.68,CAKE-USD
1751576400,2.315,2.32,2.317,2.32,42.71,CAKE-USD
1751580000,2.321,2.327,2.321,2.326,404.13,CAKE-USD
1751583600,2.31,2.325,2.325,2.319,3435.64,CAKE-USD
1751587200,2.319,2.328,2.319,2.324,6.74,CAKE-USD
1751590800,2.317,2.325,2.325,2.317,2.92,CAKE-USD
1751594400,2.304,2.312,2.312,2.31,21.37,CAKE-USD
1751601600,2.299,2.314,2.314,2.304,2838.4,CAKE-USD
1751605200,2.296,2.305,2.302,2.296,14.51,CAKE-USD
1751608800,2.275,2.293,2.293,2.275,1047.24,CAKE-USD
1751612400,2.259,2.272,2.272,2.259,28.0,CAKE-USD
1751616000,2.25,2.27,2.257,2.265,602.3,CAKE-USD
1751619600,2.266,2.271,2.268,2.266,25.62,CAKE-USD
1751623200,2.263,2.276,2.265,2.276,872.24,CAKE-USD
1751626800,2.268,2.282,2.274,2.282,80.56,CAKE-USD
1751630400,2.272,2.283,2.282,2.279,421.27,CAKE-USD
1751634000,2.267,2.281,2.279,2.267,14.77,CAKE-USD
1751637600,2.253,2.27,2.266,2.257,635.96,CAKE-USD
1751641200,2.228,2.259,2.257,2.228,2422.05,CAKE-USD
1751644800,2.208,2.228,2.227,2.218,7052.19,CAKE-USD
1751648400,2.217,2.23,2.22,2.228,14.84,CAKE-USD
1751652000,2.223,2.226,2.226,2.223,2011.47,CAKE-USD
1751655600,2.223,2.231,2.231,2.223,387.41,CAKE-USD
1751659200,2.218,2.224,2.218,2.219,163.42,CAKE-USD
1751662800,2.219,2.228,2.219,2.228,232.26,CAKE-USD
1751666400,2.226,2.239,2.227,2.239,4984.5,CAKE-USD
1751670000,2.229,2.237,2.237,2.229,226.61,CAKE-USD
1751673600,2.239,2.242,2.239,2.242,51.21,CAKE-USD
1751677200,2.232,2.243,2.243,2.235,156.14,CAKE-USD
1751680800,2.225,2.241,2.235,2.241,448.19,CAKE-USD
1751684400,2.242,2.245,2.242,2.244,144.08,CAKE-USD
1751688000,2.236,2.245,2.244,2.236,419.32,CAKE-USD
1751691600,2.231,2.247,2.236,2.247,212.58,CAKE-USD
1751695200,2.244,2.261,2.247,2.261,383.71,CAKE-USD
1751695200,2.244,2.261,2.247,2.261,383.71,CAKE-USD
1751698800,2.251,2.259,2.259,2.252,428.34,CAKE-USD
1751702400,2.244,2.253,2.252,2.247,337.88,CAKE-USD
1751706000,2.241,2.255,2.247,2.255,448.12,CAKE-USD
1751709600,2.248,2.256,2.255,2.248,251.94,CAKE-USD
1751713200,2.246,2.252,2.248,2.246,314.06,CAKE-USD
1751716800,2.239,2.248,2.246,2.248,326.79,CAKE-USD
1751720400,2.246,2.251,2.248,2.246,402.39,CAKE-USD
1751724000,2.239,2.248,2.246,2.248,302.54,CAKE-USD
1751727600,2.24,2.248,2.248,2.241,58.05,CAKE-USD
1751731200,2.227,2.232,2.227,2.231,9.85,CAKE-USD
1751734800,2.22,2.232,2.228,2.22,1089.92,CAKE-USD
1751738400,2.21,2.218,2.218,2.212,672.27,CAKE-USD
1751745600,2.226,2.234,2.226,2.234,53.83,CAKE-USD
1751749200,2.23,2.234,2.232,2.234,1677.33,CAKE-USD
1751752800,2.231,2.244,2.231,2.244,1021.19,CAKE-USD
1751756400,2.233,2.242,2.237,2.234,3118.6,CAKE-USD
1751760000,2.231,2.24,2.234,2.237,231.17,CAKE-USD
1751763600,2.234,2.236,2.234,2.236,42.73,CAKE-USD
1751767200,2.229,2.243,2.239,2.229,1076.34,CAKE-USD
1751770800,2.226,2.231,2.231,2.231,221.09,CAKE-USD
1751774400,2.229,2.235,2.233,2.229,54.69,CAKE-USD
1751778000,2.228,2.229,2.229,2.228,31.99,CAKE-USD
1751781600,2.231,2.24,2.231,2.24,70.28,CAKE-USD
1751785200,2.226,2.238,2.237,2.226,56.8,CAKE-USD
1751788800,2.223,2.232,2.227,2.227,101.72,CAKE-USD
1751792400,2.221,2.226,2.226,2.221,7.85,CAKE-USD
1751796000,2.221,2.23,2.223,2.227,279.27,CAKE-USD
1751799600,2.223,2.231,2.223,2.227,73.22,CAKE-USD
1751803200,2.23,2.241,2.23,2.241,223.31,CAKE-USD
1751806800,2.241,2.266,2.241,2.263,3233.52,CAKE-USD
1751810400,2.255,2.267,2.265,2.263,2938.04,CAKE-USD
1751814000,2.265,2.279,2.266,2.279,11032.01,CAKE-USD
1751817600,2.281,2.291,2.282,2.284,1280.25,CAKE-USD
1751821200,2.273,2.281,2.277,2.273,230.84,CAKE-USD
1751824800,2.263,2.275,2.275,2.269,69.11,CAKE-USD
1751828400,2.264,2.271,2.271,2.267,389.76,CAKE-USD
1751832000,2.266,2.276,2.267,2.272,3705.23,CAKE-USD
1751835600,2.269,2.288,2.269,2.283,1193.84,CAKE-USD
1751839200,2.276,2.289,2.286,2.276,29.86,CAKE-USD
1751842800,2.267,2.278,2.271,2.278,391.53,CAKE-USD
1751846400,2.267,2.28,2.278,2.272,406.25,CAKE-USD
1751850000,2.263,2.28,2.271,2.28,381.05,CAKE-USD
1751853600,2.278,2.288,2.282,2.278,28.54,CAKE-USD
1751857200,2.278,2.284,2.282,2.278,14.85,CAKE-USD
1751860800,2.281,2.29,2.281,2.29,66.42,CAKE-USD
1751864400,2.281,2.294,2.291,2.281,243.95,CAKE-USD
1751871600,2.284,2.296,2.284,2.296,7.38,CAKE-USD
1751875200,2.294,2.298,2.294,2.296,28.67,CAKE-USD
1751878800,2.281,2.283,2.283,2.281,9.24,CAKE-USD
1751882400,2.28,2.281,2.28,2.281,10.1,CAKE-USD
1751889600,2.267,2.284,2.275,2.284,4431.21,CAKE-USD
1751893200,2.26,2.279,2.272,2.264,3461.17,CAKE-USD
1751896800,2.257,2.266,2.266,2.26,24.1,CAKE-USD
1751900400,2.257,2.265,2.257,2.262,3197.94,CAKE-USD
1751904000,2.252,2.265,2.263,2.253,1825.89,CAKE-USD
1751907600,2.251,2.256,2.253,2.251,534.1,CAKE-USD
1751911200,2.245,2.256,2.25,2.256,7.9,CAKE-USD
1751914800,2.245,2.265,2.259,2.245,19.03,CAKE-USD
1751918400,2.242,2.25,2.242,2.246,262.72,CAKE-USD
1751922000,2.242,2.251,2.249,2.251,169.58,CAKE-USD
1751925600,2.243,2.249,2.246,2.243,130.39,CAKE-USD
1751929200,2.249,2.255,2.249,2.25,247.19,CAKE-USD
1751932800,2.244,2.253,2.246,2.244,251.37,CAKE-USD
1751940000,2.235,2.248,2.239,2.248,499.49,CAKE-USD
1751943600,2.247,2.252,2.249,2.25,1181.1,CAKE-USD
1751947200,2.239,2.248,2.247,2.245,387.12,CAKE-USD
1751950800,2.244,2.253,2.244,2.253,3.64,CAKE-USD
1751958000,2.24,2.249,2.243,2.249,219.42,CAKE-USD
1751961600,2.245,2.255,2.245,2.255,443.31,CAKE-USD
1751965200,2.256,2.262,2.256,2.262,4.73,CAKE-USD
1751968800,2.264,2.271,2.264,2.271,13.53,CAKE-USD
1751972400,2.271,2.276,2.271,2.273,2.12,CAKE-USD
1751976000,2.27,2.282,2.27,2.282,110.38,CAKE-USD
1751979600,2.278,2.289,2.283,2.288,215.77,CAKE-USD
1751983200,2.264,2.286,2.286,2.265,1263.05,CAKE-USD
1751986800,2.26,2.267,2.267,2.26,6.15,CAKE-USD
1751990400,2.26,2.281,2.261,2.281,278.4,CAKE-USD
1751994000,2.282,2.295,2.282,2.295,1207.88,CAKE-USD
1751997600,2.297,2.306,2.297,2.306,445.97,CAKE-USD
1752001200,2.289,2.302,2.299,2.297,156.04,CAKE-USD
1752004800,2.285,2.294,2.292,2.289,650.08,CAKE-USD
1752008400,2.292,2.296,2.293,2.296,355.6,CAKE-USD
1752012000,2.291,2.294,2.291,2.292,80.6,CAKE-USD
1752015600,2.291,2.298,2.293,2.298,70.08,CAKE-USD
1752019200,2.287,2.298,2.298,2.292,548.06,CAKE-USD
1752022800,2.284,2.296,2.293,2.291,312.05,CAKE-USD
1752026400,2.289,2.296,2.289,2.296,240.88,CAKE-USD
1752030000,2.289,2.292,2.289,2.29,10.79,CAKE-USD
1752033600,2.28,2.288,2.288,2.285,262.73,CAKE-USD
1752037200,2.285,2.3,2.285,2.297,303.26,CAKE-USD
1752040800,2.294,2.306,2.294,2.306,196.21,CAKE-USD
1752044400,2.289,2.303,2.303,2.289,219.48,CAKE-USD
1752051600,2.287,2.293,2.292,2.287,443.57,CAKE-USD
1752055200,2.283,2.292,2.287,2.292,1363.31,CAKE-USD
1752058800,2.293,2.301,2.293,2.301,539.86,CAKE-USD
1752062400,2.3,2.318,2.3,2.318,905.09,CAKE-USD
1752066000,2.3,2.317,2.314,2.3,725.44,CAKE-USD
1752069600,2.297,2.312,2.305,2.307,553.47,CAKE-USD
1752073200,2.301,2.314,2.306,2.314,49.25,CAKE-USD
1752076800,2.315,2.319,2.317,2.315,31.04,CAKE-USD
1752080400,2.301,2.314,2.301,2.314,65.79,CAKE-USD
1752084000,2.322,2.335,2.322,2.334,221.72,CAKE-USD
1752087600,2.335,2.364,2.335,2.361,26974.11,CAKE-USD
1752091200,2.347,2.372,2.364,2.359,3262.8,CAKE-USD
1752094800,2.361,2.371,2.361,2.369,388.82,CAKE-USD
1752098400,2.369,2.378,2.369,2.375,1873.33,CAKE-USD
1752102000,2.37,2.382,2.37,2.382,163.37,CAKE-USD
1752105600,2.364,2.383,2.381,2.374,558.36,CAKE-USD
1752109200,2.368,2.377,2.377,2.369,602.74,CAKE-USD
1752112800,2.367,2.379,2.37,2.373,515.9,CAKE-USD
1752116400,2.372,2.382,2.373,2.375,282.76,CAKE-USD
1752120000,2.371,2.399,2.371,2.399,1020.11,CAKE-USD
1752123600,2.381,2.403,2.401,2.381,290.05,CAKE-USD
1752127200,2.379,2.387,2.379,2.383,1006.43,CAKE-USD
1752130800,2.385,2.4,2.388,2.387,1944.26,CAKE-USD
1752134400,2.384,2.4,2.388,2.4,630.28,CAKE-USD
1752138000,2.376,2.399,2.399,2.376,65.06,CAKE-USD
1752141600,2.376,2.393,2.376,2.379,84.12,CAKE-USD
1752145200,2.382,2.387,2.383,2.385,256.24,CAKE-USD
1752148800,2.37,2.385,2.381,2.385,3142.05,CAKE-USD
1752152400,2.379,2.393,2.379,2.383,532.05,CAKE-USD
1752156000,2.373,2.392,2.39,2.38,557.15,CAKE-USD
1752159600,2.369,2.38,2.38,2.369,471.45,CAKE-USD
1752163200,2.369,2.405,2.369,2.401,1693.95,CAKE-USD
1752166800,2.399,2.418,2.399,2.417,10402.34,CAKE-USD
1752170400,2.4,2.427,2.418,2.408,9100.54,CAKE-USD
1752174000,2.401,2.417,2.415,2.413,1806.62,CAKE-USD
1752177600,2.412,2.422,2.415,2.422,753.35,CAKE-USD
1752181200,2.421,2.467,2.421,2.467,15917.16,CAKE-USD
1752184800,2.46,2.482,2.465,2.479,3418.92,CAKE-USD
1752188400,2.473,2.492,2.479,2.485,5838.07,CAKE-USD
1752192000,2.457,2.483,2.482,2.482,1488.48,CAKE-USD
1752195600,2.481,2.508,2.484,2.504,1478.18,CAKE-USD
1752199200,2.508,2.523,2.51,2.516,1831.93,CAKE-USD
1752202800,2.509,2.525,2.516,2.52,1755.76,CAKE-USD
1752206400,2.514,2.543,2.518,2.543,6071.13,CAKE-USD
1752210000,2.537,2.561,2.544,2.542,5472.16,CAKE-USD
1752213600,2.498,2.556,2.546,2.498,1983.32,CAKE-USD
1752217200,2.488,2.51,2.494,2.499,2324.6,CAKE-USD
1752220800,2.506,2.514,2.506,2.514,138.22,CAKE-USD
1752224400,2.508,2.527,2.51,2.52,626.11,CAKE-USD
1752228000,2.516,2.521,2.518,2.52,49.76,CAKE-USD
1752231600,2.5,2.52,2.52,2.518,350.29,CAKE-USD
1752235200,2.507,2.531,2.515,2.531,87.77,CAKE-USD
1752238800,2.513,2.531,2.531,2.531,3086.24,CAKE-USD
1752242400,2.523,2.556,2.524,2.534,13764.2,CAKE-USD
1752246000,2.491,2.538,2.528,2.491,3844.91,CAKE-USD
1752249600,2.487,2.527,2.494,2.524,6437.72,CAKE-USD
1752253200,2.526,2.538,2.526,2.536,2531.32,CAKE-USD
1752256800,2.526,2.539,2.532,2.526,1288.9,CAKE-USD
1752260400,2.522,2.538,2.522,2.535,850.71,CAKE-USD
1752264000,2.507,2.536,2.535,2.507,1240.36,CAKE-USD
1752267600,2.481,2.509,2.506,2.482,21749.23,CAKE-USD
1752271200,2.446,2.491,2.484,2.466,22075.54,CAKE-USD
1752274800,2.466,2.478,2.468,2.47,93.85,CAKE-USD
1752278400,2.458,2.482,2.465,2.482,88.04,CAKE-USD
1752282000,2.486,2.497,2.486,2.495,42.07,CAKE-USD
1752285600,2.485,2.503,2.497,2.489,422.58,CAKE-USD
1752289200,2.49,2.504,2.49,2.504,3591.3,CAKE-USD
1752292800,2.474,2.518,2.505,2.479,8182.48,CAKE-USD
1752296400,2.47,2.49,2.472,2.49,2165.69,CAKE-USD
1752300000,2.485,2.54,2.485,2.518,2479.18,CAKE-USD
1752303600,2.508,2.529,2.525,2.524,705.69,CAKE-USD
1752307200,2.5,2.524,2.524,2.501,441.87,CAKE-USD
1752310800,2.506,2.512,2.506,2.507,41.48,CAKE-USD
1752314400,2.507,2.519,2.508,2.507,188.59,CAKE-USD
1752318000,2.505,2.521,2.51,2.514,1496.9,CAKE-USD
1752321600,2.479,2.507,2.507,2.479,48.6,CAKE-USD
1752325200,2.458,2.481,2.48,2.477,1617.03,CAKE-USD
1752328800,2.456,2.48,2.474,2.456,318.35,CAKE-USD
1752332400,2.423,2.465,2.46,2.431,999.74,CAKE-USD
1752336000,2.423,2.451,2.429,2.432,4581.32,CAKE-USD
1752339600,2.433,2.454,2.441,2.44,4159.85,CAKE-USD
1752343200,2.32,2.433,2.433,2.348,44758.45,CAKE-USD
1752346800,2.253,2.337,2.336,2.307,27066.02,CAKE-USD
1752350400,2.289,2.309,2.309,2.289,395.79,CAKE-USD
1752354000,2.288,2.318,2.288,2.304,580.55,CAKE-USD
1752357600,2.305,2.324,2.305,2.32,2914.05,CAKE-USD
1752361200,2.323,2.343,2.326,2.343,2608.21,CAKE-USD
1752364800,2.334,2.345,2.338,2.34,74.63,CAKE-USD
1752368400,2.337,2.358,2.337,2.358,2902.25,CAKE-USD
1752372000,2.331,2.352,2.345,2.35,1669.87,CAKE-USD
1752375600,2.339,2.353,2.348,2.339,1127.09,CAKE-USD
1752379200,2.341,2.355,2.343,2.355,401.09,CAKE-USD
1752382800,2.349,2.363,2.353,2.36,3481.9,CAKE-USD
1752386400,2.36,2.374,2.36,2.368,106.66,CAKE-USD
1752390000,2.367,2.379,2.368,2.379,829.42,CAKE-USD
1752393600,2.363,2.378,2.376,2.373,2232.95,CAKE-USD
1752397200,2.368,2.374,2.374,2.374,266.32,CAKE-USD
1752400800,2.37,2.397,2.377,2.392,2987.45,CAKE-USD
1752404400,2.38,2.391,2.382,2.391,220.06,CAKE-USD
1752408000,2.381,2.411,2.389,2.399,2560.17,CAKE-USD
1752411600,2.395,2.414,2.396,2.414,315.61,CAKE-USD
1752415200,2.407,2.425,2.412,2.423,34081.11,CAKE-USD
1752418800,2.414,2.454,2.414,2.421,63074.73,CAKE-USD
1752422400,2.398,2.432,2.428,2.404,427.24,CAKE-USD
1752426000,2.407,2.438,2.408,2.419,28047.71,CAKE-USD
1752429600,2.418,2.426,2.42,2.424,3458.29,CAKE-USD
1752433200,2.409,2.431,2.429,2.411,400.78,CAKE-USD
1752436800,2.41,2.423,2.41,2.415,1077.47,CAKE-USD
1752440400,2.392,2.409,2.409,2.4,857.77,CAKE-USD
1752444000,2.386,2.401,2.397,2.393,724.09,CAKE-USD
1752447600,2.385,2.406,2.39,2.402,1433.72,CAKE-USD
1752451200,2.388,2.407,2.393,2.388,129.46,CAKE-USD
1752454800,2.378,2.392,2.388,2.392,628.13,CAKE-USD
1752458400,2.385,2.424,2.392,2.417,962.45,CAKE-USD
1752462000,2.415,2.446,2.417,2.446,570.32,CAKE-USD
1752465600,2.44,2.487,2.446,2.482,3803.17,CAKE-USD
1752469200,2.444,2.499,2.478,2.464,1845.84,CAKE-USD
1752472800,2.438,2.46,2.451,2.45,1010.75,CAKE-USD
1752476400,2.451,2.488,2.451,2.488,1266.28,CAKE-USD
1752480000,2.458,2.488,2.488,2.468,1015.95,CAKE-USD
1752483600,2.461,2.483,2.468,2.471,370.9,CAKE-USD
1752487200,2.445,2.486,2.464,2.485,6802.47,CAKE-USD
1752490800,2.467,2.49,2.483,2.468,983.58,CAKE-USD
1752494400,2.458,2.469,2.469,2.458,763.35,CAKE-USD
1752498000,2.438,2.461,2.453,2.458,221.57,CAKE-USD
1752501600,2.412,2.435,2.435,2.413,3296.97,CAKE-USD
1752505200,2.401,2.425,2.417,2.401,1820.34,CAKE-USD
1752508800,2.381,2.418,2.403,2.417,2463.04,CAKE-USD
1752512400,2.393,2.415,2.415,2.393,663.28,CAKE-USD
1752516000,2.383,2.401,2.397,2.385,502.13,CAKE-USD
1752519600,2.378,2.394,2.385,2.381,622.66,CAKE-USD
1752523200,2.368,2.392,2.373,2.388,1336.67,CAKE-USD
1752526800,2.385,2.402,2.385,2.389,1922.22,CAKE-USD
1752530400,2.387,2.401,2.387,2.396,42.01,CAKE-USD
1752534000,2.38,2.397,2.396,2.383,595.57,CAKE-USD
1752537600,2.366,2.394,2.382,2.366,2212.19,CAKE-USD
1752541200,2.345,2.373,2.365,2.355,2632.38,CAKE-USD
1752544800,2.332,2.354,2.354,2.333,396.28,CAKE-USD
1752548400,2.314,2.332,2.332,2.315,80.88,CAKE-USD
1752552000,2.315,2.353,2.315,2.353,122.22,CAKE-USD
1752555600,2.353,2.364,2.353,2.361,258.24,CAKE-USD
1752559200,2.361,2.38,2.361,2.38,5773.74,CAKE-USD
1752562800,2.355,2.39,2.38,2.355,16036.75,CAKE-USD
1752566400,2.344,2.356,2.353,2.356,546.0,CAKE-USD
1752573600,2.352,2.357,2.354,2.355,334.93,CAKE-USD
1752577200,2.34,2.359,2.355,2.357,1071.47,CAKE-USD
1752580800,2.35,2.377,2.356,2.373,200.49,CAKE-USD
1752584400,2.38,2.4,2.39,2.4,155.56,CAKE-USD
1752588000,2.349,2.415,2.397,2.361,24708.37,CAKE-USD
1752591600,2.366,2.401,2.366,2.401,1317.79,CAKE-USD
1752595200,2.391,2.403,2.397,2.391,392.35,CAKE-USD
1752595200,2.391,2.403,2.397,2.391,392.35,CAKE-USD
1752598800,2.408,2.427,2.408,2.427,234.69,CAKE-USD
1752602400,2.404,2.44,2.428,2.422,560.7,CAKE-USD
1752606000,2.389,2.431,2.425,2.396,3637.56,CAKE-USD
1752609600,2.397,2.415,2.397,2.415,386.87,CAKE-USD
1752613200,2.408,2.424,2.415,2.423,433.52,CAKE-USD
1752616800,2.411,2.424,2.412,2.424,79.33,CAKE-USD
1752620400,2.427,2.44,2.427,2.435,449.22,CAKE-USD
1752624000,2.427,2.457,2.436,2.456,1911.04,CAKE-USD
1752627600,2.434,2.463,2.449,2.444,6576.52,CAKE-USD
1752631200,2.408,2.442,2.442,2.418,2009.7,CAKE-USD
1752634800,2.41,2.417,2.41,2.414,85.25,CAKE-USD
1752638400,2.402,2.425,2.402,2.425,1250.77,CAKE-USD
1752642000,2.429,2.435,2.434,2.435,47.67,CAKE-USD
1752645600,2.438,2.443,2.439,2.438,811.7,CAKE-USD
1752649200,2.437,2.447,2.438,2.439,113.38,CAKE-USD
1752652800,2.442,2.448,2.442,2.448,122.71,CAKE-USD
1752656400,2.447,2.471,2.447,2.468,465.72,CAKE-USD
1752660000,2.447,2.464,2.462,2.45,1002.72,CAKE-USD
1752663600,2.445,2.462,2.448,2.456,229.33,CAKE-USD
1752667200,2.45,2.466,2.464,2.45,884.71,CAKE-USD
1752670800,2.453,2.468,2.453,2.458,2233.52,CAKE-USD
1752674400,2.447,2.496,2.46,2.496,2269.71,CAKE-USD
1752678000,2.464,2.514,2.495,2.481,1861.82,CAKE-USD
1752681600,2.464,2.524,2.47,2.501,73869.15,CAKE-USD
1752685200,2.497,2.518,2.502,2.515,406.35,CAKE-USD
1752688800,2.509,2.523,2.514,2.512,33132.13,CAKE-USD
1752692400,2.49,2.516,2.514,2.512,10612.84,CAKE-USD
1752696000,2.49,2.533,2.511,2.518,27565.13,CAKE-USD
1752699600,2.517,2.533,2.518,2.53,13695.84,CAKE-USD
1752703200,2.498,2.532,2.531,2.498,11696.77,CAKE-USD
1752706800,2.487,2.505,2.497,2.505,522.13,CAKE-USD
1752710400,2.499,2.54,2.501,2.53,2778.8,CAKE-USD
1752714000,2.498,2.564,2.53,2.509,3226.47,CAKE-USD
1752717600,2.515,2.548,2.517,2.515,78.7,CAKE-USD
1752721200,2.478,2.513,2.513,2.488,3708.04,CAKE-USD
1752724800,2.488,2.503,2.488,2.489,277.78,CAKE-USD
1752728400,2.489,2.513,2.489,2.512,783.63,CAKE-USD
1752732000,2.499,2.569,2.513,2.566,2577.37,CAKE-USD
1752735600,2.545,2.576,2.568,2.576,1209.99,CAKE-USD
1752739200,2.554,2.591,2.578,2.57,2028.68,CAKE-USD
1752742800,2.567,2.594,2.573,2.591,398.04,CAKE-USD
1752746400,2.573,2.59,2.59,2.583,508.16,CAKE-USD
1752750000,2.575,2.656,2.588,2.631,10962.23,CAKE-USD
1752753600,2.564,2.637,2.636,2.607,3800.29,CAKE-USD
1752757200,2.551,2.595,2.592,2.586,1774.56,CAKE-USD
1752760800,2.586,2.665,2.586,2.621,29757.09,CAKE-USD
1752764400,2.601,2.675,2.625,2.615,48602.04,CAKE-USD
1752768000,2.568,2.628,2.615,2.585,39876.35,CAKE-USD
1752771600,2.583,2.612,2.588,2.606,12355.8,CAKE-USD
1752775200,2.594,2.613,2.606,2.605,651.39,CAKE-USD
1752778800,2.566,2.614,2.604,2.571,1613.52,CAKE-USD
1752782400,2.561,2.587,2.567,2.587,496.1,CAKE-USD
1752786000,2.574,2.618,2.589,2.591,14709.5,CAKE-USD
1752789600,2.595,2.62,2.595,2.61,1997.98,CAKE-USD
1752793200,2.6,2.634,2.61,2.604,13048.58,CAKE-USD
1752796800,2.589,2.657,2.605,2.655,4091.31,CAKE-USD
1752800400,2.638,2.675,2.656,2.667,2271.13,CAKE-USD
1752804000,2.648,2.67,2.67,2.658,14739.05,CAKE-USD
1752807600,2.65,2.676,2.66,2.674,886.24,CAKE-USD
1752811200,2.662,2.725,2.672,2.725,2940.1,CAKE-USD
1752814800,2.723,2.762,2.724,2.754,12115.35,CAKE-USD
1752818400,2.737,2.779,2.754,2.771,10769.8,CAKE-USD
1752822000,2.717,2.787,2.773,2.73,6965.46,CAKE-USD
1752825600,2.679,2.739,2.731,2.679,5730.24,CAKE-USD
1752829200,2.681,2.724,2.681,2.709,12796.45,CAKE-USD
1752832800,2.683,2.709,2.709,2.705,4234.68,CAKE-USD
1752836400,2.665,2.707,2.706,2.689,3332.37,CAKE-USD
1752840000,2.673,2.736,2.685,2.736,573.23,CAKE-USD
1752843600,2.736,2.804,2.736,2.753,15188.22,CAKE-USD
1752847200,2.681,2.787,2.756,2.714,71392.47,CAKE-USD
1752850800,2.64,2.701,2.7,2.683,26404.08,CAKE-USD
1752854400,2.666,2.715,2.683,2.698,6464.22,CAKE-USD
1752858000,2.684,2.746,2.697,2.692,8603.57,CAKE-USD
1752861600,2.676,2.699,2.683,2.68,14338.65,CAKE-USD
1752865200,2.653,2.684,2.679,2.66,2213.11,CAKE-USD
1752868800,2.6,2.655,2.652,2.644,3950.13,CAKE-USD
1752872400,2.64,2.68,2.64,2.658,27189.68,CAKE-USD
1752876000,2.626,2.667,2.653,2.626,816.98,CAKE-USD
1752879600,2.629,2.641,2.634,2.637,1032.44,CAKE-USD
1752883200,2.591,2.648,2.637,2.591,3080.22,CAKE-USD
1752886800,2.577,2.621,2.588,2.604,9381.69,CAKE-USD
1752890400,2.614,2.635,2.614,2.634,63.1,CAKE-USD
1752894000,2.636,2.664,2.636,2.664,279.31,CAKE-USD
1752897600,2.661,2.695,2.661,2.683,3438.6,CAKE-USD
1752901200,2.65,2.671,2.671,2.65,11727.52,CAKE-USD
1752904800,2.646,2.658,2.651,2.657,4581.91,CAKE-USD
1752908400,2.641,2.645,2.645,2.641,38.92,CAKE-USD
1752912000,2.618,2.646,2.645,2.63,3687.72,CAKE-USD
1752915600,2.627,2.639,2.627,2.637,192.3,CAKE-USD
1752919200,2.635,2.647,2.645,2.635,282.58,CAKE-USD
1752922800,2.625,2.647,2.639,2.626,2480.19,CAKE-USD
1752930000,2.615,2.642,2.635,2.615,104.87,CAKE-USD
1752933600,2.599,2.616,2.612,2.6,3431.72,CAKE-USD
1752937200,2.61,2.621,2.61,2.612,603.5,CAKE-USD
1752940800,2.599,2.638,2.611,2.62,2320.33,CAKE-USD
1752944400,2.608,2.625,2.618,2.615,1895.2,CAKE-USD
1752948000,2.618,2.624,2.62,2.62,252.12,CAKE-USD
1752951600,2.614,2.663,2.626,2.651,4246.75,CAKE-USD
1752955200,2.649,2.658,2.654,2.655,212.97,CAKE-USD
1752958800,2.623,2.65,2.65,2.644,2030.03,CAKE-USD
1752962400,2.643,2.656,2.643,2.656,92.57,CAKE-USD
1752966000,2.642,2.664,2.658,2.664,11485.39,CAKE-USD
1752969600,2.642,2.668,2.662,2.657,4597.99,CAKE-USD
1752973200,2.65,2.676,2.659,2.659,3406.69,CAKE-USD
1752976800,2.653,2.677,2.659,2.677,1233.59,CAKE-USD
1752980400,2.675,2.697,2.677,2.675,378.26,CAKE-USD
1752984000,2.671,2.684,2.677,2.671,192.12,CAKE-USD
1752987600,2.658,2.666,2.666,2.666,777.22,CAKE-USD
1752991200,2.666,2.676,2.666,2.676,228.22,CAKE-USD
1752994800,2.677,2.688,2.681,2.678,922.88,CAKE-USD
1752998400,2.678,2.702,2.678,2.698,1810.89,CAKE-USD
1753002000,2.685,2.704,2.694,2.703,1770.03,CAKE-USD
1753005600,2.682,2.693,2.693,2.682,969.73,CAKE-USD
1753009200,2.676,2.726,2.682,2.704,5762.39,CAKE-USD
1753012800,2.699,2.737,2.708,2.706,11016.57,CAKE-USD
1753016400,2.706,2.729,2.71,2.729,2847.23,CAKE-USD
1753020000,2.694,2.718,2.716,2.718,1373.52,CAKE-USD
1753023600,2.709,2.74,2.716,2.74,3029.77,CAKE-USD
1753027200,2.704,2.754,2.738,2.704,4882.46,CAKE-USD
1753030800,2.68,2.719,2.697,2.698,10535.5,CAKE-USD
1753034400,2.688,2.713,2.702,2.713,782.12,CAKE-USD
1753038000,2.712,2.732,2.713,2.712,4583.72,CAKE-USD
1753041600,2.699,2.72,2.713,2.699,355.37,CAKE-USD
1753045200,2.693,2.719,2.699,2.719,3000.97,CAKE-USD
1753048800,2.659,2.713,2.713,2.696,7485.46,CAKE-USD
1753052400,2.695,2.706,2.696,2.706,828.06,CAKE-USD
1753056000,2.659,2.704,2.704,2.674,2325.23,CAKE-USD
1753059600,2.626,2.678,2.677,2.655,3436.04,CAKE-USD
1753063200,2.657,2.697,2.657,2.697,309.05,CAKE-USD
1753066800,2.701,2.718,2.701,2.715,2062.08,CAKE-USD
1753070400,2.706,2.721,2.715,2.706,6012.43,CAKE-USD
1753074000,2.703,2.723,2.706,2.718,624.3,CAKE-USD
1753077600,2.717,2.75,2.717,2.747,2108.67,CAKE-USD
1753081200,2.734,2.75,2.75,2.745,2932.0,CAKE-USD
1753084800,2.749,2.767,2.75,2.75,5494.25,CAKE-USD
1753088400,2.727,2.757,2.757,2.748,1129.17,CAKE-USD
1753092000,2.734,2.795,2.736,2.795,1355.25,CAKE-USD
1753095600,2.763,2.815,2.795,2.763,2241.06,CAKE-USD
1753099200,2.756,2.82,2.771,2.814,4424.7,CAKE-USD
1753102800,2.78,2.818,2.812,2.806,3392.13,CAKE-USD
1753106400,2.798,2.855,2.806,2.821,16088.68,CAKE-USD
1753110000,2.797,2.85,2.825,2.801,8084.35,CAKE-USD
1753113600,2.742,2.803,2.802,2.765,4205.92,CAKE-USD
1753117200,2.753,2.783,2.767,2.766,6714.19,CAKE-USD
1753120800,2.745,2.783,2.766,2.745,2760.37,CAKE-USD
1753124400,2.729,2.77,2.752,2.731,5354.08,CAKE-USD
1753128000,2.737,2.758,2.744,2.737,1185.95,CAKE-USD
1753131600,2.74,2.764,2.746,2.762,2646.54,CAKE-USD
1753135200,2.755,2.776,2.764,2.755,86.06,CAKE-USD
1753138800,2.758,2.78,2.758,2.772,660.87,CAKE-USD
1753142400,2.737,2.789,2.773,2.737,9251.4,CAKE-USD
1753146000,2.69,2.766,2.734,2.763,26999.63,CAKE-USD
1753149600,2.72,2.766,2.76,2.724,92.29,CAKE-USD
1753153200,2.675,2.724,2.724,2.695,945.1,CAKE-USD
1753156800,2.625,2.699,2.695,2.625,1224.08,CAKE-USD
1753160400,2.631,2.657,2.644,2.636,1039.76,CAKE-USD
1753164000,2.648,2.671,2.657,2.652,9040.19,CAKE-USD
1753167600,2.634,2.678,2.668,2.634,904.91,CAKE-USD
1753171200,2.609,2.639,2.631,2.628,2728.37,CAKE-USD
1753174800,2.617,2.654,2.624,2.654,9388.38,CAKE-USD
1753182000,2.655,2.674,2.655,2.674,1190.87,CAKE-USD
1753185600,2.666,2.678,2.676,2.673,11340.44,CAKE-USD
1753189200,2.636,2.68,2.678,2.636,3010.5,CAKE-USD
1753192800,2.623,2.676,2.635,2.676,2156.27,CAKE-USD
1753196400,2.671,2.684,2.673,2.677,232.33,CAKE-USD
1753200000,2.684,2.696,2.684,2.684,293.66,CAKE-USD
1753203600,2.661,2.687,2.684,2.687,783.2,CAKE-USD
1753207200,2.685,2.699,2.694,2.695,546.59,CAKE-USD
1753210800,2.669,2.695,2.694,2.672,112.42,CAKE-USD
1753214400,2.678,2.716,2.68,2.712,1832.97,CAKE-USD
1753218000,2.71,2.719,2.712,2.718,1760.45,CAKE-USD
1753221600,2.711,2.726,2.72,2.726,315.85,CAKE-USD
1753225200,2.726,2.763,2.726,2.76,1097.79,CAKE-USD
1753228800,2.747,2.919,2.753,2.856,18189.45,CAKE-USD
1753232400,2.835,2.872,2.859,2.85,11014.07,CAKE-USD
1753236000,2.815,2.857,2.84,2.857,5076.02,CAKE-USD
1753239600,2.823,2.861,2.844,2.858,1161.98,CAKE-USD
1753243200,2.846,2.895,2.858,2.895,6407.9,CAKE-USD
1753246800,2.868,2.903,2.898,2.903,6183.26,CAKE-USD
1753250400,2.879,2.92,2.906,2.909,4748.2,CAKE-USD
1753254000,2.867,2.923,2.892,2.884,794.0,CAKE-USD
1753257600,2.866,2.883,2.879,2.883,701.03,CAKE-USD
1753261200,2.845,2.885,2.865,2.871,4166.47,CAKE-USD
1753264800,2.869,2.909,2.869,2.893,332.95,CAKE-USD
1753268400,2.892,2.986,2.905,2.965,17930.98,CAKE-USD
1753272000,2.867,2.979,2.961,2.867,20984.25,CAKE-USD
1753275600,2.739,2.882,2.863,2.781,49575.74,CAKE-USD
1753279200,2.77,2.804,2.798,2.778,2210.05,CAKE-USD
1753282800,2.76,2.795,2.772,2.786,817.56,CAKE-USD
1753286400,2.714,2.779,2.776,2.729,2282.17,CAKE-USD
1753290000,2.681,2.732,2.724,2.732,10647.57,CAKE-USD
1753293600,2.724,2.751,2.729,2.749,204.6,CAKE-USD
1753297200,2.718,2.741,2.741,2.718,505.03,CAKE-USD
1753300800,2.661,2.715,2.714,2.676,2138.23,CAKE-USD
1753304400,2.621,2.709,2.675,2.68,15215.03,CAKE-USD
1753308000,2.674,2.715,2.674,2.713,8136.88,CAKE-USD
1753311600,2.706,2.718,2.712,2.707,731.11,CAKE-USD
1753315200,2.704,2.764,2.707,2.764,1010.48,CAKE-USD
1753318800,2.747,2.766,2.761,2.759,1409.87,CAKE-USD
1753322400,2.724,2.752,2.751,2.734,1973.75,CAKE-USD
1753326000,2.72,2.748,2.731,2.722,2917.52,CAKE-USD
1753329600,2.656,2.719,2.718,2.659,3080.8,CAKE-USD
1753333200,2.584,2.651,2.638,2.584,1409.26,CAKE-USD
1753336800,2.54,2.62,2.585,2.566,4785.36,CAKE-USD
1753340400,2.54,2.614,2.563,2.614,4305.35,CAKE-USD
1753344000,2.596,2.666,2.596,2.635,21969.91,CAKE-USD
1753347600,2.596,2.639,2.639,2.596,2441.95,CAKE-USD
1753351200,2.568,2.614,2.614,2.593,2710.91,CAKE-USD
1753354800,2.593,2.634,2.595,2.633,3050.03,CAKE-USD
1753358400,2.608,2.634,2.634,2.614,141.77,CAKE-USD
1753362000,2.596,2.624,2.618,2.596,945.24,CAKE-USD
1753365600,2.581,2.659,2.599,2.659,6861.83,CAKE-USD
1753369200,2.641,2.678,2.656,2.655,2064.58,CAKE-USD
1753372800,2.615,2.652,2.652,2.626,1105.71,CAKE-USD
1753376400,2.64,2.674,2.64,2.674,674.93,CAKE-USD
1753380000,2.661,2.679,2.662,2.676,110.8,CAKE-USD
1753383600,2.665,2.689,2.681,2.665,4304.44,CAKE-USD
1753387200,2.667,2.677,2.667,2.676,345.68,CAKE-USD
1753390800,2.652,2.676,2.674,2.672,315.17,CAKE-USD
1753394400,2.655,2.67,2.655,2.666,116.42,CAKE-USD
1753398000,2.63,2.654,2.648,2.654,11578.23,CAKE-USD
1753401600,2.604,2.641,2.641,2.616,20198.23,CAKE-USD
1753405200,2.607,2.642,2.629,2.64,2472.03,CAKE-USD
1753408800,2.615,2.651,2.637,2.615,221.79,CAKE-USD
1753412400,2.589,2.629,2.621,2.602,1711.19,CAKE-USD
1753416000,2.576,2.615,2.595,2.614,1818.84,CAKE-USD
1753419600,2.613,2.634,2.63,2.615,2589.42,CAKE-USD
1753423200,2.595,2.609,2.606,2.601,785.8,CAKE-USD
1753426800,2.617,2.647,2.633,2.617,895.81,CAKE-USD
1753430400,2.624,2.651,2.642,2.628,454.48,CAKE-USD
1753434000,2.612,2.657,2.617,2.657,1777.56,CAKE-USD
1753437600,2.648,2.664,2.662,2.652,397.59,CAKE-USD
1753441200,2.649,2.672,2.65,2.67,459.08,CAKE-USD
1753444800,2.654,2.68,2.675,2.665,1144.47,CAKE-USD
1753448400,2.639,2.66,2.657,2.653,32.27,CAKE-USD
1753452000,2.614,2.657,2.655,2.614,881.58,CAKE-USD
1753455600,2.616,2.638,2.623,2.629,71.64,CAKE-USD
1753459200,2.62,2.654,2.632,2.647,731.65,CAKE-USD
1753462800,2.654,2.665,2.657,2.66,449.26,CAKE-USD
1753466400,2.662,2.666,2.664,2.663,51.99,CAKE-USD
1753470000,2.662,2.686,2.665,2.669,897.51,CAKE-USD
1753473600,2.669,2.702,2.669,2.697,583.03,CAKE-USD
1753477200,2.695,2.711,2.695,2.711,968.3,CAKE-USD
1753480800,2.711,2.74,2.717,2.74,1868.61,CAKE-USD
1753484400,2.734,2.769,2.734,2.769,1228.48,CAKE-USD
1753488000,2.745,2.776,2.771,2.747,2069.45,CAKE-USD
1753491600,2.735,2.754,2.745,2.746,252.29,CAKE-USD
1753495200,2.756,2.773,2.757,2.773,2116.13,CAKE-USD
1753495200,2.756,2.773,2.757,2.773,2116.13,CAKE-USD
1753498800,2.767,2.778,2.772,2.777,3010.59,CAKE-USD
1753502400,2.748,2.793,2.781,2.759,1638.19,CAKE-USD
1753506000,2.752,2.76,2.758,2.752,612.88,CAKE-USD
1753509600,2.752,2.758,2.752,2.758,194.65,CAKE-USD
1753513200,2.751,2.76,2.76,2.751,355.57,CAKE-USD
1753516800,2.747,2.772,2.747,2.772,103.66,CAKE-USD
1753520400,2.778,2.787,2.778,2.787,47.62,CAKE-USD
1753524000,2.771,2.787,2.786,2.773,140.06,CAKE-USD
1753527600,2.761,2.783,2.777,2.761,3163.5,CAKE-USD
1753531200,2.759,2.776,2.761,2.773,118.72,CAKE-USD
1753534800,2.778,2.792,2.785,2.781,1229.43,CAKE-USD
1753538400,2.771,2.789,2.785,2.782,2684.4,CAKE-USD
1753542000,2.753,2.78,2.78,2.778,3734.62,CAKE-USD
1753545600,2.771,2.781,2.772,2.771,262.66,CAKE-USD
1753549200,2.755,2.766,2.765,2.766,18.91,CAKE-USD
1753552800,2.769,2.784,2.769,2.784,147.2,CAKE-USD
1753556400,2.778,2.784,2.784,2.782,4653.88,CAKE-USD
1753560000,2.776,2.779,2.778,2.779,199.73,CAKE-USD
1753563600,2.782,2.8,2.782,2.8,360.58,CAKE-USD
1753567200,2.777,2.831,2.8,2.801,7698.1,CAKE-USD
1753570800,2.785,2.813,2.802,2.785,1419.44,CAKE-USD
1753574400,2.81,2.832,2.813,2.832,194.7,CAKE-USD
1753578000,2.825,2.842,2.834,2.842,8989.09,CAKE-USD
1753581600,2.831,2.843,2.831,2.843,876.53,CAKE-USD
1753585200,2.839,2.854,2.839,2.853,3459.43,CAKE-USD
1753588800,2.85,2.877,2.851,2.875,4253.97,CAKE-USD
1753592400,2.84,2.878,2.87,2.856,6268.54,CAKE-USD
1753596000,2.848,2.863,2.855,2.848,84.02,CAKE-USD
1753599600,2.837,2.856,2.838,2.837,441.83,CAKE-USD
1753603200,2.81,2.835,2.832,2.814,1020.91,CAKE-USD
1753606800,2.784,2.804,2.8,2.793,1068.61,CAKE-USD
1753610400,2.79,2.811,2.791,2.811,768.26,CAKE-USD
1753614000,2.799,2.812,2.812,2.804,178.37,CAKE-USD
1753617600,2.791,2.81,2.792,2.803,213.46,CAKE-USD
1753624800,2.803,2.818,2.803,2.818,7.63,CAKE-USD
1753628400,2.82,2.872,2.822,2.866,9127.65,CAKE-USD
1753632000,2.875,2.976,2.875,2.924,48552.29,CAKE-USD
1753635600,2.908,3.058,2.915,3.029,18011.65,CAKE-USD
1753639200,2.991,3.052,3.019,2.999,10549.49,CAKE-USD
1753642800,2.983,3.031,3.003,3.002,5167.13,CAKE-USD
1753646400,2.996,3.056,2.998,3.017,21542.57,CAKE-USD
1753650000,3.021,3.07,3.021,3.07,4437.07,CAKE-USD
1753653600,3.042,3.075,3.053,3.042,6360.14,CAKE-USD
1753657200,3.039,3.105,3.04,3.086,18395.88,CAKE-USD
1753660800,3.069,3.235,3.079,3.135,24844.56,CAKE-USD
1753664400,3.135,3.197,3.135,3.197,23005.21,CAKE-USD
1753668000,3.195,3.319,3.195,3.216,61151.72,CAKE-USD
1753671600,3.19,3.24,3.218,3.24,11340.85,CAKE-USD
1753675200,3.218,3.3,3.244,3.236,29354.54,CAKE-USD
1753678800,3.153,3.239,3.236,3.184,14688.42,CAKE-USD
1753682400,3.182,3.239,3.188,3.234,3090.99,CAKE-USD
1753686000,3.205,3.281,3.233,3.281,5922.22,CAKE-USD
1753689600,3.233,3.327,3.263,3.311,22482.1,CAKE-USD
1753693200,3.227,3.309,3.306,3.234,9823.26,CAKE-USD
1753696800,3.195,3.248,3.23,3.21,3369.76,CAKE-USD
1753700400,3.188,3.218,3.202,3.2,7330.98,CAKE-USD
1753704000,3.15,3.217,3.187,3.179,34267.68,CAKE-USD
1753707600,3.028,3.177,3.177,3.054,33377.15,CAKE-USD
1753711200,2.98,3.05,3.048,2.983,11755.16,CAKE-USD
1753714800,2.977,3.032,2.982,3.005,11854.86,CAKE-USD
1753718400,2.983,3.028,3.002,3.009,14502.45,CAKE-USD
1753722000,2.968,3.015,3.012,3.011,10986.67,CAKE-USD
1753725600,2.96,2.999,2.999,2.999,5192.06,CAKE-USD
1753729200,2.97,3.007,2.999,2.983,6869.19,CAKE-USD
1753732800,2.919,2.981,2.981,2.953,13398.82,CAKE-USD
1753736400,2.936,2.97,2.955,2.944,2695.59,CAKE-USD
1753740000,2.908,2.967,2.949,2.937,40851.95,CAKE-USD
1753743600,2.925,2.973,2.939,2.959,15626.91,CAKE-USD
1753747200,2.955,3.004,2.956,2.987,9729.53,CAKE-USD
1753750800,2.956,3.018,2.978,2.961,7849.2,CAKE-USD
1753754400,2.924,2.974,2.96,2.946,9045.73,CAKE-USD
1753758000,2.949,2.998,2.95,2.988,2131.46,CAKE-USD
1753761600,2.98,3.005,2.996,2.983,1067.17,CAKE-USD
1753765200,2.979,3.024,2.979,3.008,3514.49,CAKE-USD
1753768800,3.004,3.026,3.008,3.017,1055.79,CAKE-USD
1753772400,2.99,3.015,3.015,3.005,1636.46,CAKE-USD
1753776000,2.996,3.032,3.005,3.004,1305.08,CAKE-USD
1753779600,2.98,3.002,2.996,2.98,6564.42,CAKE-USD
1753783200,2.951,2.979,2.976,2.958,3017.74,CAKE-USD
1753786800,2.964,2.986,2.968,2.974,1614.72,CAKE-USD
1753790400,2.972,3.006,2.978,2.98,2198.07,CAKE-USD
1753794000,2.946,3.004,2.983,2.947,8230.83,CAKE-USD
1753797600,2.839,2.943,2.943,2.862,39021.46,CAKE-USD
1753801200,2.821,2.864,2.858,2.83,18736.88,CAKE-USD
1753804800,2.8,2.84,2.826,2.84,33392.23,CAKE-USD
1753808400,2.845,2.864,2.845,2.858,1358.26,CAKE-USD
1753812000,2.844,2.857,2.856,2.845,2470.98,CAKE-USD
1753815600,2.801,2.846,2.846,2.82,10255.5,CAKE-USD
1753819200,2.781,2.823,2.818,2.786,5920.04,CAKE-USD
1753822800,2.778,2.819,2.779,2.819,890.88,CAKE-USD
1753826400,2.809,2.828,2.815,2.819,3525.19,CAKE-USD
1753830000,2.819,2.853,2.823,2.843,1291.38,CAKE-USD
1753833600,2.817,2.838,2.838,2.838,458.0,CAKE-USD
1753837200,2.817,2.869,2.817,2.863,4400.86,CAKE-USD
1753840800,2.858,2.886,2.862,2.865,1501.35,CAKE-USD
1753844400,2.858,2.878,2.864,2.878,8377.24,CAKE-USD
1753848000,2.835,2.882,2.864,2.841,5937.83,CAKE-USD
1753851600,2.829,2.859,2.841,2.855,3700.23,CAKE-USD
1753855200,2.849,2.855,2.852,2.85,1224.54,CAKE-USD
1753858800,2.825,2.859,2.856,2.827,799.9,CAKE-USD
1753862400,2.827,2.849,2.829,2.828,114.23,CAKE-USD
1753866000,2.803,2.818,2.818,2.813,2073.94,CAKE-USD
1753869600,2.791,2.835,2.819,2.795,780.56,CAKE-USD
1753873200,2.727,2.798,2.798,2.762,20432.4,CAKE-USD
1753876800,2.743,2.775,2.762,2.765,6534.13,CAKE-USD
1753880400,2.753,2.784,2.768,2.784,599.44,CAKE-USD
1753884000,2.774,2.813,2.776,2.813,991.97,CAKE-USD
1753887600,2.791,2.813,2.813,2.799,1035.54,CAKE-USD
1753891200,2.792,2.818,2.797,2.798,1287.9,CAKE-USD
1753894800,2.79,2.811,2.803,2.79,469.55,CAKE-USD
1753898400,2.742,2.798,2.784,2.742,2113.05,CAKE-USD
1753902000,2.648,2.763,2.739,2.762,44250.99,CAKE-USD
1753905600,2.761,2.784,2.766,2.768,3988.09,CAKE-USD
1753909200,2.744,2.772,2.768,2.768,6161.11,CAKE-USD
1753912800,2.753,2.774,2.762,2.77,1674.17,CAKE-USD
1753916400,2.774,2.798,2.774,2.79,6299.3,CAKE-USD
1753920000,2.789,2.83,2.789,2.825,1571.44,CAKE-USD
1753923600,2.823,2.835,2.823,2.83,2152.49,CAKE-USD
1753927200,2.824,2.836,2.83,2.834,454.46,CAKE-USD
1753930800,2.834,2.844,2.837,2.836,472.98,CAKE-USD
1753934400,2.837,2.86,2.837,2.856,2557.92,CAKE-USD
1753938000,2.836,2.86,2.856,2.841,3168.31,CAKE-USD
1753941600,2.83,2.862,2.844,2.861,946.59,CAKE-USD
1753945200,2.859,2.875,2.861,2.875,1882.74,CAKE-USD
1753948800,2.876,2.893,2.876,2.89,221.94,CAKE-USD
1753952400,2.884,2.899,2.887,2.886,1162.96,CAKE-USD
1753956000,2.87,2.905,2.887,2.87,8903.57,CAKE-USD
1753959600,2.855,2.87,2.87,2.861,1775.66,CAKE-USD
1753963200,2.832,2.853,2.85,2.832,2806.12,CAKE-USD
1753966800,2.805,2.832,2.832,2.822,2617.86,CAKE-USD
1753970400,2.778,2.803,2.803,2.782,6055.63,CAKE-USD
1753974000,2.798,2.839,2.803,2.839,1219.08,CAKE-USD
1753977600,2.836,2.881,2.837,2.863,3445.5,CAKE-USD
1753981200,2.83,2.867,2.861,2.83,146.8,CAKE-USD
1753984800,2.822,2.861,2.831,2.838,570.33,CAKE-USD
1753988400,2.78,2.828,2.828,2.78,5991.59,CAKE-USD
1753992000,2.782,2.801,2.794,2.787,2049.71,CAKE-USD
1753995600,2.753,2.788,2.787,2.776,4695.64,CAKE-USD
1753999200,2.736,2.766,2.762,2.748,2407.68,CAKE-USD
1754002800,2.709,2.745,2.743,2.711,821.67,CAKE-USD
1754006400,2.666,2.722,2.71,2.714,4867.82,CAKE-USD
1754010000,2.694,2.717,2.716,2.712,1315.64,CAKE-USD
1754013600,2.707,2.757,2.707,2.73,1871.3,CAKE-USD
1754017200,2.727,2.738,2.728,2.734,423.22,CAKE-USD
1754020800,2.7,2.73,2.73,2.7,2173.7,CAKE-USD
1754024400,2.685,2.701,2.699,2.689,608.44,CAKE-USD
1754028000,2.668,2.692,2.689,2.678,288.05,CAKE-USD
1754031600,2.626,2.685,2.677,2.632,11844.07,CAKE-USD
1754035200,2.6,2.636,2.632,2.636,5413.35,CAKE-USD
1754038800,2.617,2.646,2.633,2.617,666.4,CAKE-USD
1754042400,2.615,2.632,2.615,2.621,1002.25,CAKE-USD
1754046000,2.615,2.629,2.618,2.629,403.99,CAKE-USD
1754049600,2.614,2.653,2.629,2.644,4383.31,CAKE-USD
1754053200,2.585,2.655,2.649,2.593,327.71,CAKE-USD
1754056800,2.563,2.663,2.588,2.643,13964.05,CAKE-USD
1754060400,2.618,2.644,2.642,2.64,2068.32,CAKE-USD
1754064000,2.601,2.641,2.634,2.606,552.1,CAKE-USD
1754067600,2.595,2.626,2.602,2.602,501.72,CAKE-USD
1754071200,2.589,2.628,2.602,2.615,863.46,CAKE-USD
1754074800,2.605,2.626,2.61,2.621,1715.97,CAKE-USD
1754078400,2.591,2.622,2.622,2.605,3606.3,CAKE-USD
1754082000,2.59,2.622,2.608,2.59,1230.73,CAKE-USD
1754085600,2.534,2.592,2.592,2.554,3868.8,CAKE-USD
1754089200,2.553,2.582,2.553,2.564,1049.74,CAKE-USD
1754092800,2.568,2.601,2.568,2.601,853.01,CAKE-USD
1754096400,2.578,2.597,2.597,2.594,993.63,CAKE-USD
1754100000,2.588,2.604,2.593,2.604,3381.38,CAKE-USD
1754103600,2.596,2.61,2.605,2.607,8220.77,CAKE-USD
1754107200,2.614,2.625,2.616,2.614,938.21,CAKE-USD
1754110800,2.612,2.621,2.616,2.612,162.89,CAKE-USD
1754114400,2.556,2.61,2.609,2.565,648.54,CAKE-USD
1754118000,2.564,2.599,2.564,2.599,1448.32,CAKE-USD
1754121600,2.57,2.601,2.599,2.57,364.78,CAKE-USD
1754125200,2.557,2.57,2.57,2.557,433.7,CAKE-USD
1754128800,2.558,2.565,2.558,2.565,495.43,CAKE-USD
1754132400,2.563,2.583,2.563,2.57,612.19,CAKE-USD
1754136000,2.562,2.579,2.568,2.568,551.42,CAKE-USD
1754139600,2.566,2.584,2.572,2.572,527.85,CAKE-USD
1754143200,2.539,2.568,2.568,2.552,817.25,CAKE-USD
1754146800,2.534,2.565,2.554,2.534,527.65,CAKE-USD
1754150400,2.517,2.552,2.541,2.552,865.63,CAKE-USD
1754154000,2.515,2.523,2.516,2.523,187.3,CAKE-USD
1754157600,2.497,2.523,2.523,2.506,1435.82,CAKE-USD
1754161200,2.507,2.537,2.509,2.515,715.04,CAKE-USD
1754164800,2.517,2.531,2.531,2.517,858.61,CAKE-USD
1754168400,2.52,2.535,2.535,2.523,380.33,CAKE-USD
1754172000,2.505,2.534,2.53,2.521,769.21,CAKE-USD
1754175600,2.498,2.518,2.507,2.509,1432.68,CAKE-USD
1754179200,2.49,2.535,2.518,2.535,1875.95,CAKE-USD
1754182800,2.528,2.542,2.537,2.529,855.28,CAKE-USD
1754186400,2.534,2.549,2.534,2.547,522.77,CAKE-USD
1754190000,2.541,2.551,2.546,2.541,1103.2,CAKE-USD
1754193600,2.538,2.549,2.538,2.549,209.0,CAKE-USD
1754197200,2.541,2.555,2.55,2.541,879.82,CAKE-USD
1754200800,2.545,2.555,2.545,2.555,344.05,CAKE-USD
1754204400,2.556,2.569,2.556,2.569,319.68,CAKE-USD
1754208000,2.557,2.569,2.568,2.569,467.77,CAKE-USD
1754211600,2.566,2.585,2.566,2.585,60.68,CAKE-USD
1754215200,2.584,2.596,2.584,2.596,1000.01,CAKE-USD
1754218800,2.583,2.603,2.6,2.583,516.91,CAKE-USD
1754222400,2.579,2.59,2.581,2.59,129.8,CAKE-USD
1754226000,2.58,2.587,2.583,2.584,221.35,CAKE-USD
1754229600,2.564,2.579,2.579,2.564,260.36,CAKE-USD
1754233200,2.564,2.577,2.566,2.577,227.87,CAKE-USD
1754236800,2.572,2.59,2.576,2.59,277.48,CAKE-USD
1754240400,2.572,2.59,2.59,2.579,676.52,CAKE-USD
1754244000,2.575,2.589,2.58,2.586,536.48,CAKE-USD
1754247600,2.583,2.604,2.588,2.583,1914.8,CAKE-USD
1754251200,2.579,2.593,2.583,2.592,1000.31,CAKE-USD
1754254800,2.594,2.603,2.594,2.603,961.25,CAKE-USD
1754258400,2.583,2.6,2.593,2.6,2042.0,CAKE-USD
1754262000,2.585,2.601,2.6,2.585,723.77,CAKE-USD
1754265600,2.581,2.621,2.583,2.621,641.27,CAKE-USD
1754269200,2.585,2.623,2.619,2.585,7513.24,CAKE-USD
1754272800,2.588,2.604,2.588,2.603,68.03,CAKE-USD
1754276400,2.594,2.61,2.604,2.599,2698.97,CAKE-USD
1754280000,2.586,2.6,2.6,2.586,513.74,CAKE-USD
1754283600,2.582,2.593,2.586,2.591,128.93,CAKE-USD
1754287200,2.589,2.597,2.59,2.597,113.14,CAKE-USD
1754294400,2.594,2.605,2.605,2.598,18.9,CAKE-USD
1754298000,2.593,2.601,2.601,2.593,421.75,CAKE-USD
1754301600,2.578,2.598,2.591,2.578,287.1,CAKE-USD
1754305200,2.579,2.586,2.579,2.586,427.16,CAKE-USD
1754308800,2.579,2.595,2.589,2.595,289.33,CAKE-USD
1754312400,2.585,2.636,2.595,2.636,560.32,CAKE-USD
1754316000,2.621,2.643,2.636,2.621,2851.49,CAKE-USD
1754319600,2.621,2.637,2.621,2.637,339.49,CAKE-USD
1754323200,2.637,2.67,2.637,2.67,904.13,CAKE-USD
1754326800,2.654,2.675,2.665,2.659,297.79,CAKE-USD
1754330400,2.647,2.659,2.659,2.65,32.96,CAKE-USD
1754334000,2.634,2.655,2.653,2.642,7558.67,CAKE-USD
1754337600,2.641,2.662,2.641,2.661,1878.64,CAKE-USD
1754341200,2.663,2.677,2.667,2.671,1410.23,CAKE-USD
1754344800,2.672,2.679,2.674,2.677,169.96,CAKE-USD
1754348400,2.673,2.684,2.677,2.678,1113.9,CAKE-USD
1754352000,2.662,2.669,2.669,2.663,67.75,CAKE-USD
1754355600,2.65,2.664,2.658,2.654,27.18,CAKE-USD
1754359200,2.643,2.651,2.651,2.644,1178.21,CAKE-USD
1754362800,2.612,2.644,2.644,2.614,1429.62,CAKE-USD
1754366400,2.608,2.622,2.613,2.622,46.02,CAKE-USD
1754370000,2.617,2.625,2.619,2.619,251.79,CAKE-USD
1754373600,2.605,2.611,2.605,2.611,33.06,CAKE-USD
1754377200,2.593,2.596,2.596,2.594,268.34,CAKE-USD
1754380800,2.593,2.61,2.593,2.61,1.24,CAKE-USD
1754384400,2.611,2.623,2.611,2.622,844.55,CAKE-USD
1754388000,2.632,2.641,2.632,2.636,96.86,CAKE-USD
1754391600,2.63,2.636,2.636,2.63,436.89,CAKE-USD
1754395200,2.598,2.616,2.616,2.598,60.94,CAKE-USD
1754395200,2.598,2.616,2.616,2.598,60.94,CAKE-USD
1754398800,2.594,2.607,2.598,2.594,988.29,CAKE-USD
1754402400,2.564,2.584,2.582,2.577,1024.21,CAKE-USD
1754406000,2.55,2.575,2.574,2.553,141.87,CAKE-USD
1754409600,2.563,2.572,2.569,2.564,1017.86,CAKE-USD
1754413200,2.569,2.578,2.569,2.573,122.22,CAKE-USD
1754416800,2.551,2.573,2.573,2.557,2801.17,CAKE-USD
1754420400,2.546,2.553,2.552,2.553,795.15,CAKE-USD
1754424000,2.546,2.555,2.553,2.555,48.65,CAKE-USD
1754427600,2.539,2.555,2.555,2.539,226.37,CAKE-USD
1754431200,2.534,2.556,2.535,2.556,2178.56,CAKE-USD
1754434800,2.556,2.573,2.569,2.556,1652.3,CAKE-USD
1754438400,2.544,2.561,2.554,2.544,377.3,CAKE-USD
1754442000,2.533,2.543,2.543,2.54,373.07,CAKE-USD
1754445600,2.533,2.555,2.533,2.537,9076.73,CAKE-USD
1754449200,2.524,2.543,2.543,2.527,807.08,CAKE-USD
1754452800,2.527,2.541,2.527,2.541,1390.55,CAKE-USD
1754456400,2.55,2.581,2.55,2.565,2009.63,CAKE-USD
1754460000,2.566,2.589,2.566,2.589,293.8,CAKE-USD
1754463600,2.586,2.594,2.586,2.591,17.33,CAKE-USD
1754467200,2.579,2.588,2.588,2.586,41.09,CAKE-USD
1754470800,2.584,2.584,2.584,2.584,6.3,CAKE-USD
1754474400,2.583,2.591,2.583,2.591,11.03,CAKE-USD
1754478000,2.596,2.64,2.596,2.64,2394.03,CAKE-USD
1754481600,2.616,2.649,2.643,2.616,552.11,CAKE-USD
1754485200,2.609,2.636,2.614,2.633,1088.04,CAKE-USD
1754488800,2.624,2.657,2.643,2.657,6834.7,CAKE-USD
1754492400,2.638,2.658,2.658,2.658,1024.34,CAKE-USD
1754496000,2.644,2.665,2.658,2.648,3611.01,CAKE-USD
1754499600,2.653,2.67,2.653,2.669,3975.97,CAKE-USD
1754503200,2.671,2.69,2.671,2.689,563.47,CAKE-USD
1754506800,2.673,2.69,2.688,2.677,333.81,CAKE-USD
1754510400,2.668,2.681,2.678,2.676,196.97,CAKE-USD
1754514000,2.66,2.672,2.66,2.672,5.45,CAKE-USD
1754517600,2.67,2.68,2.673,2.674,541.67,CAKE-USD
1754521200,2.673,2.694,2.673,2.694,159.71,CAKE-USD
1754524800,2.691,2.742,2.692,2.739,5051.67,CAKE-USD
1754528400,2.721,2.792,2.739,2.721,4426.57,CAKE-USD
1754532000,2.71,2.729,2.72,2.724,900.86,CAKE-USD
1754535600,2.697,2.724,2.724,2.708,1439.09,CAKE-USD
1754539200,2.692,2.713,2.708,2.694,9744.15,CAKE-USD
1754542800,2.695,2.703,2.695,2.697,759.86,CAKE-USD
1754546400,2.688,2.712,2.711,2.697,1535.47,CAKE-USD
1754550000,2.695,2.711,2.699,2.711,410.38,CAKE-USD
1754553600,2.694,2.706,2.706,2.698,702.75,CAKE-USD
1754557200,2.692,2.71,2.693,2.71,413.67,CAKE-USD
1754560800,2.716,2.746,2.716,2.738,1633.37,CAKE-USD
1754564400,2.729,2.752,2.74,2.747,7269.52,CAKE-USD
1754568000,2.736,2.749,2.745,2.747,2676.74,CAKE-USD
1754571600,2.749,2.756,2.749,2.75,1640.17,CAKE-USD
1754575200,2.727,2.753,2.753,2.728,12016.24,CAKE-USD
1754578800,2.731,2.749,2.731,2.749,140.08,CAKE-USD
1754582400,2.7,2.744,2.741,2.722,5309.85,CAKE-USD
1754586000,2.724,2.732,2.724,2.732,156.39,CAKE-USD
1754589600,2.728,2.745,2.736,2.745,500.12,CAKE-USD
1754593200,2.742,2.76,2.743,2.76,339.26,CAKE-USD
1754596800,2.751,2.758,2.758,2.756,210.57,CAKE-USD
1754600400,2.75,2.764,2.756,2.764,2209.42,CAKE-USD
1754604000,2.758,2.777,2.759,2.777,21.53,CAKE-USD
1754607600,2.766,2.781,2.774,2.777,324.96,CAKE-USD
1754611200,2.771,2.792,2.778,2.771,285.21,CAKE-USD
1754614800,2.752,2.77,2.77,2.759,1217.57,CAKE-USD
1754618400,2.759,2.774,2.763,2.768,1389.95,CAKE-USD
1754622000,2.763,2.785,2.768,2.77,1743.39,CAKE-USD
1754625600,2.766,2.783,2.773,2.766,951.45,CAKE-USD
1754629200,2.76,2.777,2.765,2.76,1658.7,CAKE-USD
1754632800,2.754,2.779,2.762,2.779,6666.59,CAKE-USD
1754636400,2.768,2.785,2.78,2.777,681.27,CAKE-USD
1754640000,2.772,2.786,2.776,2.775,269.44,CAKE-USD
1754643600,2.766,2.781,2.774,2.781,79.87,CAKE-USD
1754647200,2.771,2.781,2.778,2.775,1622.35,CAKE-USD
1754650800,2.778,2.786,2.778,2.782,1491.36,CAKE-USD
1754654400,2.753,2.772,2.771,2.76,4091.5,CAKE-USD
1754658000,2.758,2.802,2.76,2.802,2742.8,CAKE-USD
1754661600,2.774,2.803,2.802,2.779,5407.33,CAKE-USD
1754665200,2.752,2.768,2.768,2.757,222.99,CAKE-USD
1754668800,2.752,2.762,2.759,2.762,869.93,CAKE-USD
1754672400,2.761,2.798,2.761,2.798,283.28,CAKE-USD
1754676000,2.797,2.814,2.801,2.8,5093.47,CAKE-USD
1754679600,2.792,2.804,2.803,2.801,500.54,CAKE-USD
1754683200,2.793,2.803,2.803,2.797,551.47,CAKE-USD
1754686800,2.788,2.798,2.797,2.793,1279.36,CAKE-USD
1754690400,2.788,2.798,2.789,2.798,657.08,CAKE-USD
1754694000,2.784,2.797,2.797,2.785,199.37,CAKE-USD
1754697600,2.782,2.79,2.787,2.783,354.45,CAKE-USD
1754701200,2.781,2.801,2.781,2.8,1287.94,CAKE-USD
1754704800,2.802,2.808,2.802,2.804,1590.64,CAKE-USD
1754708400,2.799,2.811,2.803,2.805,1430.95,CAKE-USD
1754712000,2.802,2.818,2.802,2.818,1296.51,CAKE-USD
1754715600,2.822,2.878,2.822,2.878,10000.04,CAKE-USD
1754719200,2.86,2.879,2.879,2.878,1001.48,CAKE-USD
1754722800,2.874,2.885,2.88,2.88,441.04,CAKE-USD
1754726400,2.874,2.885,2.874,2.885,204.64,CAKE-USD
1754730000,2.88,2.9,2.88,2.9,423.94,CAKE-USD
1754733600,2.902,2.912,2.902,2.909,39.97,CAKE-USD
1754737200,2.891,2.902,2.899,2.891,94.79,CAKE-USD
1754740800,2.905,2.908,2.906,2.908,224.07,CAKE-USD
1754744400,2.865,2.894,2.894,2.866,50.54,CAKE-USD
1754748000,2.859,2.879,2.864,2.879,877.33,CAKE-USD
1754751600,2.871,2.88,2.879,2.879,220.12,CAKE-USD
1754755200,2.866,2.888,2.882,2.866,355.47,CAKE-USD
1754758800,2.881,2.884,2.882,2.881,60.83,CAKE-USD
1754762400,2.871,2.883,2.881,2.88,2518.89,CAKE-USD
1754766000,2.886,2.895,2.886,2.888,4112.92,CAKE-USD
1754769600,2.88,2.899,2.889,2.888,334.13,CAKE-USD
1754773200,2.879,2.887,2.887,2.883,278.46,CAKE-USD
1754776800,2.861,2.9,2.883,2.864,1013.03,CAKE-USD
1754780400,2.861,2.868,2.861,2.868,53.99,CAKE-USD
1754784000,2.871,2.891,2.871,2.891,546.69,CAKE-USD
1754787600,2.887,2.911,2.887,2.908,7022.67,CAKE-USD
1754791200,2.894,2.916,2.91,2.914,127.32,CAKE-USD
1754794800,2.906,2.922,2.917,2.919,703.06,CAKE-USD
1754798400,2.905,2.935,2.908,2.905,3606.28,CAKE-USD
1754802000,2.879,2.903,2.903,2.879,15.18,CAKE-USD
1754805600,2.859,2.868,2.868,2.859,1.3,CAKE-USD
1754809200,2.823,2.855,2.855,2.823,12.83,CAKE-USD
1754812800,2.798,2.841,2.819,2.83,2849.69,CAKE-USD
1754816400,2.818,2.837,2.837,2.818,129.24,CAKE-USD
1754820000,2.801,2.815,2.81,2.801,3.08,CAKE-USD
1754823600,2.785,2.821,2.81,2.794,1296.59,CAKE-USD
1754827200,2.788,2.806,2.795,2.806,1364.46,CAKE-USD
1754830800,2.779,2.804,2.798,2.779,2244.45,CAKE-USD
1754834400,2.778,2.818,2.778,2.801,1965.47,CAKE-USD
1754838000,2.812,2.822,2.813,2.82,235.76,CAKE-USD
1754841600,2.815,2.821,2.817,2.817,1337.52,CAKE-USD
1754845200,2.813,2.833,2.816,2.833,51.26,CAKE-USD
1754848800,2.822,2.824,2.823,2.824,525.99,CAKE-USD
1754852400,2.803,2.827,2.827,2.803,86.94,CAKE-USD
1754856000,2.797,2.809,2.804,2.797,128.03,CAKE-USD
1754859600,2.789,2.803,2.797,2.8,1078.78,CAKE-USD
1754863200,2.805,2.811,2.811,2.811,118.52,CAKE-USD
1754866800,2.8,2.811,2.811,2.811,328.55,CAKE-USD
1754870400,2.815,2.827,2.815,2.817,182.42,CAKE-USD
1754874000,2.833,2.856,2.833,2.856,6749.71,CAKE-USD
1754877600,2.857,2.915,2.859,2.894,3105.66,CAKE-USD
1754881200,2.87,2.892,2.889,2.877,454.29,CAKE-USD
1754884800,2.867,2.876,2.876,2.872,415.85,CAKE-USD
1754888400,2.867,2.883,2.872,2.867,8353.12,CAKE-USD
1754895600,2.812,2.859,2.859,2.82,1764.74,CAKE-USD
1754899200,2.818,2.834,2.82,2.826,793.67,CAKE-USD
1754902800,2.81,2.824,2.824,2.81,789.76,CAKE-USD
1754906400,2.792,2.811,2.808,2.792,522.19,CAKE-USD
1754910000,2.739,2.791,2.791,2.751,12744.49,CAKE-USD
1754913600,2.727,2.747,2.744,2.727,42431.03,CAKE-USD
1754917200,2.724,2.768,2.726,2.768,255.02,CAKE-USD
1754920800,2.756,2.771,2.764,2.756,59.68,CAKE-USD
1754924400,2.756,2.798,2.756,2.798,9.09,CAKE-USD
1754928000,2.775,2.792,2.792,2.785,47.92,CAKE-USD
1754931600,2.767,2.775,2.775,2.767,25.43,CAKE-USD
1754935200,2.775,2.781,2.781,2.775,28.59,CAKE-USD
1754938800,2.752,2.783,2.783,2.752,320.71,CAKE-USD
1754942400,2.76,2.765,2.761,2.763,188.33,CAKE-USD
1754946000,2.73,2.758,2.758,2.738,3869.48,CAKE-USD
1754949600,2.72,2.744,2.729,2.744,446.81,CAKE-USD
1754953200,2.743,2.755,2.748,2.743,524.6,CAKE-USD
1754956800,2.753,2.773,2.753,2.773,19.03,CAKE-USD
1754960400,2.765,2.781,2.769,2.765,205.4,CAKE-USD
1754964000,2.752,2.767,2.767,2.752,74.7,CAKE-USD
1754967600,2.754,2.764,2.757,2.76,785.87,CAKE-USD
1754971200,2.762,2.766,2.762,2.764,292.63,CAKE-USD
1754974800,2.744,2.759,2.759,2.749,1799.47,CAKE-USD
1754978400,2.736,2.758,2.737,2.743,231.12,CAKE-USD
1754982000,2.735,2.751,2.737,2.751,2349.78,CAKE-USD
1754985600,2.732,2.747,2.746,2.732,4.33,CAKE-USD
1754989200,2.711,2.732,2.732,2.711,1403.14,CAKE-USD
1754992800,2.697,2.712,2.71,2.697,834.81,CAKE-USD
1754996400,2.717,2.722,2.717,2.718,56.82,CAKE-USD
1755000000,2.712,2.776,2.712,2.771,1545.2,CAKE-USD
1755003600,2.752,2.78,2.766,2.763,869.36,CAKE-USD
1755007200,2.772,2.789,2.772,2.789,73.12,CAKE-USD
1755010800,2.788,2.818,2.788,2.818,17401.54,CAKE-USD
1755014400,2.821,2.838,2.822,2.838,912.88,CAKE-USD
1755018000,2.828,2.851,2.837,2.851,4261.11,CAKE-USD
1755021600,2.841,2.852,2.851,2.845,1557.9,CAKE-USD
1755025200,2.85,2.866,2.85,2.866,12968.86,CAKE-USD
1755028800,2.867,2.89,2.867,2.89,425.07,CAKE-USD
1755032400,2.857,2.886,2.886,2.857,459.4,CAKE-USD
1755036000,2.855,2.865,2.86,2.855,27.22,CAKE-USD
1755039600,2.849,2.857,2.854,2.857,416.49,CAKE-USD
1755043200,2.857,2.885,2.859,2.859,163.29,CAKE-USD
1755046800,2.835,2.854,2.854,2.842,1438.9,CAKE-USD
1755050400,2.834,2.88,2.834,2.88,4589.19,CAKE-USD
1755054000,2.852,2.88,2.877,2.87,2430.14,CAKE-USD
1755057600,2.861,2.876,2.871,2.865,1300.01,CAKE-USD
1755061200,2.838,2.87,2.868,2.844,3876.34,CAKE-USD
1755064800,2.836,2.859,2.836,2.859,3.2,CAKE-USD
1755068400,2.877,2.91,2.878,2.899,2724.66,CAKE-USD
1755072000,2.902,2.921,2.902,2.921,755.55,CAKE-USD
1755075600,2.936,2.945,2.936,2.943,95.88,CAKE-USD
1755079200,2.941,2.957,2.947,2.941,4480.52,CAKE-USD
1755082800,2.924,2.948,2.935,2.948,1145.48,CAKE-USD
1755086400,2.921,2.945,2.945,2.925,2327.38,CAKE-USD
1755090000,2.915,2.964,2.932,2.926,800.87,CAKE-USD
1755093600,2.891,2.932,2.93,2.896,3951.69,CAKE-USD
1755097200,2.885,2.915,2.898,2.915,754.48,CAKE-USD
1755100800,2.895,2.918,2.918,2.902,684.44,CAKE-USD
1755104400,2.897,2.912,2.9,2.912,701.1,CAKE-USD
1755108000,2.88,2.909,2.902,2.896,1197.47,CAKE-USD
1755111600,2.897,2.917,2.901,2.917,688.44,CAKE-USD
1755115200,2.901,2.921,2.921,2.901,381.15,CAKE-USD
1755118800,2.895,2.91,2.902,2.9,842.35,CAKE-USD
1755122400,2.899,2.927,2.9,2.922,1447.54,CAKE-USD
1755126000,2.876,2.923,2.92,2.923,25607.13,CAKE-USD
1755129600,2.908,2.937,2.921,2.908,687.75,CAKE-USD
1755133200,2.906,2.94,2.908,2.924,380.93,CAKE-USD
1755136800,2.931,2.963,2.931,2.954,297.91,CAKE-USD
1755140400,2.948,2.972,2.956,2.948,4404.1,CAKE-USD
1755144000,2.946,2.958,2.946,2.954,348.04,CAKE-USD
1755147600,2.918,2.946,2.946,2.918,3882.7,CAKE-USD
1755151200,2.901,2.957,2.918,2.957,5692.56,CAKE-USD
1755154800,2.907,2.96,2.96,2.909,954.85,CAKE-USD
1755158400,2.859,2.905,2.905,2.859,480.38,CAKE-USD
1755162000,2.846,2.934,2.855,2.918,25591.83,CAKE-USD
1755165600,2.879,2.919,2.915,2.888,1439.24,CAKE-USD
1755169200,2.863,2.887,2.887,2.877,404.8,CAKE-USD
1755172800,2.727,2.886,2.886,2.763,40227.47,CAKE-USD
1755176400,2.712,2.783,2.759,2.783,79932.54,CAKE-USD
1755180000,2.771,2.809,2.782,2.789,1134.66,CAKE-USD
1755183600,2.757,2.791,2.791,2.757,1138.98,CAKE-USD
1755187200,2.716,2.75,2.75,2.725,4233.55,CAKE-USD
1755190800,2.713,2.746,2.727,2.713,567.51,CAKE-USD
1755194400,2.702,2.735,2.715,2.735,218.06,CAKE-USD
1755198000,2.713,2.743,2.736,2.713,57.11,CAKE-USD
1755201600,2.711,2.727,2.72,2.714,156.0,CAKE-USD
1755205200,2.676,2.725,2.715,2.694,2645.83,CAKE-USD
1755208800,2.68,2.711,2.68,2.711,1718.84,CAKE-USD
1755212400,2.706,2.725,2.71,2.706,2079.51,CAKE-USD
1755216000,2.696,2.714,2.704,2.7,2054.56,CAKE-USD
1755219600,2.702,2.736,2.702,2.736,1706.25,CAKE-USD
1755223200,2.729,2.737,2.733,2.735,292.43,CAKE-USD
1755226800,2.739,2.768,2.741,2.765,430.0,CAKE-USD
1755230400,2.743,2.77,2.762,2.743,4271.5,CAKE-USD
1755234000,2.735,2.757,2.746,2.755,2688.82,CAKE-USD
1755237600,2.76,2.785,2.76,2.772,4693.67,CAKE-USD
1755241200,2.756,2.772,2.767,2.764,687.27,CAKE-USD
1755244800,2.754,2.766,2.764,2.756,816.21,CAKE-USD
1755248400,2.739,2.761,2.758,2.755,1627.49,CAKE-USD
1755252000,2.741,2.756,2.753,2.744,996.94,CAKE-USD
1755255600,2.737,2.748,2.74,2.742,5006.23,CAKE-USD
1755259200,2.729,2.758,2.755,2.739,474.55,CAKE-USD
1755262800,2.719,2.741,2.741,2.719,503.97,CAKE-USD
1755266400,2.677,2.721,2.719,2.677,679.08,CAKE-USD
1755270000,2.648,2.689,2.676,2.658,658.51,CAKE-USD
1755273600,2.638,2.673,2.657,2.671,334.61,CAKE-USD
1755277200,2.671,2.694,2.673,2.681,1612.63,CAKE-USD
1755280800,2.664,2.683,2.683,2.678,665.49,CAKE-USD
1755284400,2.666,2.68,2.68,2.666,105.07,CAKE-USD
1755288000,2.669,2.694,2.669,2.694,362.93,CAKE-USD
1755291600,2.681,2.696,2.685,2.696,276.21,CAKE-USD
1755295200,2.697,2.719,2.697,2.718,263.39,CAKE-USD
1755295200,2.697,2.719,2.697,2.718,263.39,CAKE-USD
1755298800,2.692,2.7,2.7,2.696,225.25,CAKE-USD
1755302400,2.702,2.723,2.702,2.722,644.01,CAKE-USD
1755306000,2.713,2.73,2.722,2.724,582.13,CAKE-USD
1755309600,2.719,2.728,2.724,2.722,531.22,CAKE-USD
1755313200,2.712,2.727,2.721,2.715,757.43,CAKE-USD
1755316800,2.716,2.722,2.716,2.72,474.27,CAKE-USD
1755320400,2.704,2.722,2.722,2.704,123.55,CAKE-USD
1755324000,2.703,2.708,2.704,2.706,1155.65,CAKE-USD
1755327600,2.709,2.727,2.709,2.715,1153.04,CAKE-USD
1755331200,2.713,2.718,2.716,2.713,361.58,CAKE-USD
1755334800,2.695,2.725,2.714,2.696,1282.11,CAKE-USD
1755338400,2.692,2.704,2.694,2.702,196.81,CAKE-USD
1755342000,2.702,2.713,2.711,2.702,167.63,CAKE-USD
1755345600,2.698,2.717,2.71,2.717,1004.78,CAKE-USD
1755349200,2.697,2.721,2.714,2.699,551.25,CAKE-USD
1755352800,2.696,2.726,2.699,2.726,246.91,CAKE-USD
1755356400,2.715,2.721,2.716,2.717,490.21,CAKE-USD
1755360000,2.717,2.723,2.72,2.717,204.95,CAKE-USD
1755363600,2.707,2.712,2.71,2.707,238.34,CAKE-USD
1755367200,2.714,2.732,2.714,2.732,655.5,CAKE-USD
1755370800,2.732,2.742,2.733,2.742,418.7,CAKE-USD
1755374400,2.738,2.75,2.738,2.75,1825.51,CAKE-USD
1755378000,2.727,2.74,2.74,2.731,479.94,CAKE-USD
1755381600,2.741,2.773,2.741,2.744,20237.41,CAKE-USD
1755385200,2.733,2.745,2.741,2.745,2563.73,CAKE-USD
1755388800,2.741,2.773,2.745,2.77,1214.38,CAKE-USD
1755392400,2.756,2.778,2.772,2.763,471.77,CAKE-USD
1755399600,2.76,2.773,2.762,2.773,358.56,CAKE-USD
1755403200,2.767,2.795,2.767,2.795,7522.01,CAKE-USD
1755406800,2.772,2.787,2.785,2.783,536.6,CAKE-USD
1755410400,2.777,2.786,2.786,2.78,99.63,CAKE-USD
1755414000,2.778,2.795,2.778,2.79,331.44,CAKE-USD
1755417600,2.792,2.816,2.792,2.811,1194.86,CAKE-USD
1755421200,2.808,2.828,2.808,2.828,165.17,CAKE-USD
1755424800,2.824,2.829,2.828,2.829,540.11,CAKE-USD
1755428400,2.814,2.827,2.827,2.814,701.2,CAKE-USD
1755432000,2.802,2.815,2.812,2.802,334.48,CAKE-USD
1755435600,2.798,2.81,2.798,2.799,970.82,CAKE-USD
1755439200,2.798,2.806,2.798,2.806,24.66,CAKE-USD
1755442800,2.798,2.817,2.807,2.817,3704.92,CAKE-USD
1755446400,2.789,2.816,2.816,2.789,392.84,CAKE-USD
1755450000,2.785,2.8,2.785,2.789,2757.72,CAKE-USD
1755453600,2.759,2.795,2.791,2.782,283.24,CAKE-USD
1755457200,2.765,2.786,2.78,2.765,770.66,CAKE-USD
1755460800,2.766,2.781,2.77,2.766,204.91,CAKE-USD
1755464400,2.766,2.77,2.769,2.77,283.41,CAKE-USD
1755468000,2.774,2.789,2.774,2.782,2270.92,CAKE-USD
1755471600,2.765,2.78,2.78,2.765,739.87,CAKE-USD
1755475200,2.768,2.778,2.77,2.768,3605.81,CAKE-USD
1755478800,2.729,2.778,2.769,2.729,6184.97,CAKE-USD
1755482400,2.694,2.729,2.729,2.694,8133.26,CAKE-USD
1755486000,2.672,2.694,2.694,2.674,9404.51,CAKE-USD
1755489600,2.686,2.698,2.686,2.698,121.67,CAKE-USD
1755493200,2.671,2.705,2.705,2.675,60.65,CAKE-USD
1755496800,2.657,2.673,2.673,2.661,5431.84,CAKE-USD
1755500400,2.658,2.668,2.661,2.668,3690.25,CAKE-USD
1755511200,2.667,2.668,2.668,2.667,75.29,CAKE-USD
1755514800,2.648,2.66,2.66,2.66,4519.22,CAKE-USD
1755518400,2.665,2.69,2.665,2.685,1894.67,CAKE-USD
1755522000,2.659,2.684,2.68,2.659,2340.91,CAKE-USD
1755525600,2.657,2.674,2.659,2.673,1752.55,CAKE-USD
1755529200,2.667,2.679,2.667,2.679,24.63,CAKE-USD
1755532800,2.666,2.688,2.681,2.669,11058.73,CAKE-USD
1755536400,2.667,2.696,2.668,2.682,1149.3,CAKE-USD
1755540000,2.68,2.702,2.68,2.702,283.68,CAKE-USD
1755543600,2.688,2.703,2.702,2.697,1223.84,CAKE-USD
1755547200,2.698,2.702,2.701,2.698,172.13,CAKE-USD
1755550800,2.694,2.717,2.698,2.717,80.91,CAKE-USD
1755554400,2.705,2.718,2.718,2.707,744.27,CAKE-USD
1755558000,2.677,2.697,2.697,2.677,344.2,CAKE-USD
1755561600,2.669,2.699,2.677,2.699,2012.99,CAKE-USD
1755565200,2.67,2.701,2.701,2.67,39.72,CAKE-USD
1755568800,2.665,2.676,2.674,2.668,36.32,CAKE-USD
1755572400,2.642,2.671,2.671,2.642,38.07,CAKE-USD
1755576000,2.63,2.659,2.639,2.657,2292.78,CAKE-USD
1755583200,2.626,2.64,2.636,2.626,1895.44,CAKE-USD
1755586800,2.624,2.636,2.627,2.633,2913.66,CAKE-USD
1755590400,2.624,2.658,2.633,2.658,1863.57,CAKE-USD
1755594000,2.654,2.672,2.654,2.672,358.42,CAKE-USD
1755597600,2.666,2.673,2.672,2.673,2021.05,CAKE-USD
1755601200,2.674,2.677,2.674,2.676,6182.86,CAKE-USD
1755604800,2.664,2.673,2.673,2.668,1569.15,CAKE-USD
1755608400,2.641,2.682,2.665,2.641,4134.42,CAKE-USD
1755612000,2.602,2.64,2.64,2.608,4504.09,CAKE-USD
1755615600,2.6,2.622,2.607,2.611,221.62,CAKE-USD
1755619200,2.586,2.603,2.603,2.586,2966.88,CAKE-USD
1755622800,2.579,2.6,2.587,2.589,8478.82,CAKE-USD
1755626400,2.567,2.591,2.588,2.567,450.04,CAKE-USD
1755630000,2.558,2.587,2.564,2.564,2135.19,CAKE-USD
1755633600,2.579,2.587,2.579,2.587,274.51,CAKE-USD
1755637200,2.573,2.586,2.586,2.573,921.56,CAKE-USD
1755640800,2.566,2.577,2.573,2.566,88.93,CAKE-USD
1755644400,2.547,2.567,2.567,2.554,91.79,CAKE-USD
1755648000,2.555,2.569,2.555,2.563,676.8,CAKE-USD
1755651600,2.535,2.562,2.559,2.556,15110.95,CAKE-USD
1755655200,2.56,2.568,2.568,2.562,118.39,CAKE-USD
1755658800,2.56,2.58,2.561,2.58,2580.86,CAKE-USD
1755662400,2.58,2.582,2.581,2.582,82.61,CAKE-USD
1755666000,2.577,2.58,2.58,2.577,3774.82,CAKE-USD
1755673200,2.567,2.581,2.58,2.567,5897.38,CAKE-USD
1755676800,2.574,2.591,2.574,2.591,225.06,CAKE-USD
1755684000,2.584,2.594,2.591,2.584,672.7,CAKE-USD
1755687600,2.556,2.581,2.581,2.581,4212.81,CAKE-USD
1755691200,2.566,2.586,2.581,2.566,425.12,CAKE-USD
1755694800,2.55,2.561,2.561,2.55,266.85,CAKE-USD
1755698400,2.529,2.576,2.55,2.576,1205.91,CAKE-USD
1755702000,2.579,2.599,2.587,2.598,290.94,CAKE-USD
1755705600,2.595,2.613,2.597,2.611,1080.0,CAKE-USD
1755709200,2.611,2.638,2.616,2.632,1900.99,CAKE-USD
1755712800,2.61,2.637,2.616,2.637,336.14,CAKE-USD
1755716400,2.641,2.668,2.641,2.665,6405.09,CAKE-USD
1755720000,2.661,2.677,2.665,2.677,241.35,CAKE-USD
1755723600,2.673,2.697,2.673,2.695,431.01,CAKE-USD
1755727200,2.69,2.701,2.691,2.701,1531.23,CAKE-USD
1755730800,2.681,2.7,2.7,2.681,751.36,CAKE-USD
1755734400,2.676,2.716,2.679,2.716,617.49,CAKE-USD
1755738000,2.707,2.757,2.717,2.753,4126.39,CAKE-USD
1755741600,2.705,2.76,2.757,2.739,23565.19,CAKE-USD
1755745200,2.717,2.744,2.744,2.717,2568.06,CAKE-USD
1755748800,2.688,2.709,2.709,2.688,1767.16,CAKE-USD
1755752400,2.684,2.706,2.691,2.684,16.46,CAKE-USD
1755756000,2.685,2.693,2.685,2.691,1143.04,CAKE-USD
1755759600,2.657,2.693,2.693,2.657,1345.31,CAKE-USD
1755763200,2.635,2.657,2.657,2.635,733.12,CAKE-USD
1755766800,2.634,2.637,2.637,2.634,0.98,CAKE-USD
1755770400,2.623,2.649,2.63,2.641,18615.15,CAKE-USD
1755774000,2.638,2.646,2.646,2.646,272.71,CAKE-USD
1755777600,2.606,2.656,2.656,2.628,15671.78,CAKE-USD
1755781200,2.623,2.67,2.625,2.67,19319.48,CAKE-USD
1755784800,2.648,2.676,2.669,2.651,198.65,CAKE-USD
1755788400,2.616,2.652,2.652,2.616,628.75,CAKE-USD
1755792000,2.615,2.634,2.615,2.615,462.1,CAKE-USD
1755795600,2.613,2.635,2.615,2.635,101.12,CAKE-USD
1755799200,2.605,2.64,2.628,2.63,22749.7,CAKE-USD
1755802800,2.612,2.636,2.636,2.612,221.82,CAKE-USD
1755806400,2.604,2.628,2.615,2.617,670.54,CAKE-USD
1755810000,2.622,2.632,2.622,2.632,257.93,CAKE-USD
1755813600,2.631,2.639,2.636,2.631,2787.55,CAKE-USD
1755817200,2.62,2.624,2.622,2.62,20.94,CAKE-USD
1755820800,2.621,2.635,2.621,2.627,103.52,CAKE-USD
1755824400,2.627,2.65,2.627,2.65,64.65,CAKE-USD
1755828000,2.653,2.657,2.653,2.656,204.92,CAKE-USD
1755831600,2.632,2.65,2.65,2.632,382.85,CAKE-USD
1755835200,2.622,2.632,2.632,2.625,793.46,CAKE-USD
1755842400,2.61,2.632,2.625,2.632,284.36,CAKE-USD
1755846000,2.636,2.636,2.636,2.636,0.9,CAKE-USD
1755849600,2.616,2.636,2.636,2.617,115.16,CAKE-USD
1755853200,2.604,2.616,2.616,2.604,545.66,CAKE-USD
1755856800,2.6,2.609,2.606,2.6,1922.68,CAKE-USD
1755860400,2.589,2.599,2.599,2.589,523.2,CAKE-USD
1755864000,2.549,2.585,2.585,2.57,1443.78,CAKE-USD
1755867600,2.554,2.593,2.565,2.593,390.43,CAKE-USD
1755871200,2.596,2.698,2.596,2.697,25212.58,CAKE-USD
1755874800,2.703,2.74,2.703,2.732,2154.03,CAKE-USD
1755878400,2.734,2.777,2.734,2.772,13468.44,CAKE-USD
1755882000,2.773,2.811,2.775,2.809,2814.51,CAKE-USD
1755885600,2.799,2.81,2.81,2.806,1106.72,CAKE-USD
1755889200,2.803,2.815,2.803,2.81,206.27,CAKE-USD
1755892800,2.811,2.838,2.814,2.838,299.7,CAKE-USD
1755896400,2.836,2.862,2.842,2.84,12896.63,CAKE-USD
1755900000,2.824,2.845,2.845,2.828,1209.57,CAKE-USD
1755903600,2.826,2.846,2.826,2.839,765.51,CAKE-USD
1755907200,2.821,2.842,2.839,2.823,2361.83,CAKE-USD
1755910800,2.766,2.818,2.818,2.776,1090.72,CAKE-USD
1755914400,2.73,2.765,2.765,2.74,586.69,CAKE-USD
1755918000,2.732,2.745,2.74,2.745,62.22,CAKE-USD
1755921600,2.746,2.757,2.746,2.757,171.85,CAKE-USD
1755925200,2.753,2.793,2.758,2.772,159.47,CAKE-USD
1755932400,2.757,2.78,2.772,2.764,472.28,CAKE-USD
1755936000,2.749,2.772,2.749,2.772,428.26,CAKE-USD
1755939600,2.772,2.775,2.775,2.772,160.72,CAKE-USD
1755943200,2.758,2.76,2.76,2.758,7.4,CAKE-USD
1755946800,2.747,2.763,2.756,2.747,1511.97,CAKE-USD
1755950400,2.741,2.773,2.748,2.773,1861.56,CAKE-USD
1755954000,2.771,2.782,2.774,2.771,84.62,CAKE-USD
1755957600,2.77,2.771,2.77,2.771,142.91,CAKE-USD
1755961200,2.758,2.773,2.768,2.758,300.72,CAKE-USD
1755968400,2.759,2.777,2.777,2.77,690.69,CAKE-USD
1755972000,2.773,2.776,2.776,2.773,178.98,CAKE-USD
1755975600,2.776,2.789,2.777,2.789,731.04,CAKE-USD
1755979200,2.778,2.787,2.78,2.778,370.51,CAKE-USD
1755982800,2.763,2.776,2.776,2.767,86.68,CAKE-USD
1755986400,2.769,2.781,2.77,2.781,106.94,CAKE-USD
1755990000,2.77,2.785,2.775,2.77,1126.24,CAKE-USD
1755993600,2.772,2.786,2.772,2.775,505.1,CAKE-USD
1755997200,2.761,2.772,2.77,2.767,1013.08,CAKE-USD
1756000800,2.756,2.767,2.766,2.756,813.99,CAKE-USD
1756004400,2.747,2.755,2.755,2.755,811.5,CAKE-USD
1756008000,2.756,2.757,2.757,2.756,2.12,CAKE-USD
1756011600,2.723,2.745,2.745,2.741,9939.2,CAKE-USD
1756015200,2.711,2.738,2.738,2.711,4233.94,CAKE-USD
1756018800,2.705,2.717,2.709,2.705,85.24,CAKE-USD
1756022400,2.708,2.712,2.712,2.708,550.3,CAKE-USD
1756026000,2.695,2.709,2.709,2.695,779.39,CAKE-USD
1756029600,2.679,2.694,2.694,2.681,555.3,CAKE-USD
1756033200,2.677,2.679,2.678,2.679,69.91,CAKE-USD
1756036800,2.682,2.69,2.687,2.69,394.19,CAKE-USD
1756040400,2.688,2.705,2.69,2.688,8406.23,CAKE-USD
1756044000,2.695,2.699,2.695,2.699,240.47,CAKE-USD
1756047600,2.694,2.709,2.709,2.694,173.11,CAKE-USD
1756051200,2.695,2.702,2.701,2.702,658.8,CAKE-USD
1756054800,2.713,2.742,2.713,2.742,569.06,CAKE-USD
1756058400,2.747,2.778,2.747,2.777,2672.55,CAKE-USD
1756062000,2.685,2.78,2.775,2.692,1807.56,CAKE-USD
1756065600,2.687,2.726,2.688,2.718,1769.98,CAKE-USD
1756069200,2.705,2.721,2.719,2.705,149.34,CAKE-USD
1756072800,2.697,2.708,2.708,2.707,243.61,CAKE-USD
1756076400,2.695,2.704,2.704,2.695,12.55,CAKE-USD
1756080000,2.666,2.684,2.684,2.679,1391.54,CAKE-USD
1756083600,2.681,2.704,2.681,2.704,406.1,CAKE-USD
1756087200,2.704,2.728,2.704,2.727,594.89,CAKE-USD
1756090800,2.708,2.712,2.709,2.709,184.03,CAKE-USD
1756094400,2.684,2.703,2.703,2.684,136.31,CAKE-USD
1756101600,2.658,2.681,2.681,2.661,1389.78,CAKE-USD
1756105200,2.632,2.669,2.661,2.637,2469.69,CAKE-USD
1756108800,2.623,2.632,2.628,2.632,888.27,CAKE-USD
1756112400,2.637,2.646,2.637,2.643,88.57,CAKE-USD
1756116000,2.61,2.627,2.627,2.612,1123.11,CAKE-USD
1756119600,2.617,2.627,2.618,2.627,597.12,CAKE-USD
1756123200,2.625,2.638,2.625,2.633,833.47,CAKE-USD
1756126800,2.622,2.635,2.635,2.622,2025.19,CAKE-USD
1756130400,2.648,2.664,2.648,2.664,1111.35,CAKE-USD
1756134000,2.636,2.664,2.664,2.636,673.42,CAKE-USD
1756137600,2.633,2.646,2.633,2.634,118.36,CAKE-USD
1756141200,2.634,2.637,2.634,2.634,8.12,CAKE-USD
1756144800,2.622,2.628,2.628,2.622,35.97,CAKE-USD
1756148400,2.578,2.619,2.616,2.578,487.88,CAKE-USD
1756152000,2.556,2.586,2.581,2.556,1684.97,CAKE-USD
1756155600,2.542,2.552,2.549,2.542,516.55,CAKE-USD
1756159200,2.539,2.564,2.539,2.557,277.91,CAKE-USD
1756166400,2.526,2.548,2.541,2.534,11392.94,CAKE-USD
1756170000,2.534,2.568,2.534,2.564,1041.55,CAKE-USD
1756173600,2.565,2.583,2.565,2.572,1486.63,CAKE-USD
1756177200,2.57,2.596,2.57,2.596,649.53,CAKE-USD
1756180800,2.589,2.595,2.589,2.593,216.26,CAKE-USD
1756184400,2.587,2.6,2.587,2.6,272.71,CAKE-USD
1756188000,2.585,2.606,2.599,2.585,1259.96,CAKE-USD
1756191600,2.59,2.605,2.59,2.605,507.53,CAKE-USD
1756195200,2.59,2.602,2.602,2.59,346.16,CAKE-USD
1756195200,2.59,2.602,2.602,2.59,346.16,CAKE-USD
1756198800,2.585,2.595,2.585,2.595,169.0,CAKE-USD
1756202400,2.584,2.597,2.597,2.584,38.41,CAKE-USD
1756206000,2.579,2.584,2.584,2.579,11.47,CAKE-USD
1756209600,2.584,2.636,2.584,2.602,786.93,CAKE-USD
1756213200,2.588,2.601,2.599,2.59,1430.67,CAKE-USD
1756216800,2.601,2.614,2.603,2.614,466.54,CAKE-USD
1756220400,2.593,2.608,2.608,2.604,63.31,CAKE-USD
1756224000,2.596,2.618,2.596,2.618,404.76,CAKE-USD
1756227600,2.596,2.614,2.612,2.614,465.3,CAKE-USD
1756234800,2.61,2.645,2.61,2.643,790.04,CAKE-USD
1756238400,2.629,2.651,2.644,2.629,840.99,CAKE-USD
1756242000,2.63,2.635,2.63,2.635,28.35,CAKE-USD
1756249200,2.63,2.647,2.647,2.63,35.09,CAKE-USD
1756252800,2.618,2.632,2.632,2.618,60.4,CAKE-USD
1756256400,2.612,2.616,2.616,2.616,349.35,CAKE-USD
1756260000,2.622,2.623,2.622,2.623,798.21,CAKE-USD
1756263600,2.623,2.647,2.626,2.64,11008.15,CAKE-USD
1756267200,2.642,2.653,2.653,2.652,3136.75,CAKE-USD
1756270800,2.625,2.652,2.649,2.625,823.41,CAKE-USD
1756274400,2.623,2.627,2.625,2.624,844.09,CAKE-USD
1756278000,2.613,2.621,2.621,2.613,367.64,CAKE-USD
1756281600,2.601,2.62,2.608,2.62,753.43,CAKE-USD
1756285200,2.608,2.624,2.619,2.608,89.14,CAKE-USD
1756288800,2.604,2.617,2.611,2.617,8.01,CAKE-USD
1756296000,2.609,2.623,2.609,2.623,215.92,CAKE-USD
1756303200,2.629,2.641,2.636,2.629,1879.52,CAKE-USD
1756306800,2.622,2.629,2.629,2.622,26.82,CAKE-USD
1756314000,2.624,2.638,2.624,2.638,42.98,CAKE-USD
1756317600,2.614,2.636,2.636,2.614,227.47,CAKE-USD
1756321200,2.6,2.621,2.605,2.6,2266.15,CAKE-USD
1756324800,2.591,2.624,2.6,2.624,4719.51,CAKE-USD
1756328400,2.595,2.622,2.622,2.595,2078.2,CAKE-USD
1756332000,2.589,2.599,2.595,2.596,188.97,CAKE-USD
1756335600,2.588,2.594,2.594,2.593,219.9,CAKE-USD
1756339200,2.576,2.6,2.6,2.588,103.48,CAKE-USD
1756342800,2.587,2.598,2.587,2.598,3110.09,CAKE-USD
1756346400,2.586,2.602,2.598,2.602,160.11,CAKE-USD
1756353600,2.604,2.621,2.607,2.621,1463.03,CAKE-USD
1756357200,2.621,2.641,2.621,2.624,3598.5,CAKE-USD
1756360800,2.637,2.648,2.637,2.648,34.47,CAKE-USD
1756368000,2.61,2.652,2.652,2.61,2077.8,CAKE-USD
1756371600,2.596,2.612,2.612,2.598,252.22,CAKE-USD
1756375200,2.605,2.608,2.605,2.608,37.31,CAKE-USD
1756382400,2.606,2.616,2.606,2.614,1557.63,CAKE-USD
1756386000,2.603,2.619,2.618,2.603,497.19,CAKE-USD
1756389600,2.608,2.623,2.608,2.623,39.67,CAKE-USD
1756393200,2.6,2.625,2.625,2.605,694.45,CAKE-USD
1756396800,2.589,2.612,2.611,2.589,185.02,CAKE-USD
1756400400,2.593,2.616,2.596,2.601,1844.52,CAKE-USD
1756404000,2.596,2.609,2.601,2.596,1576.46,CAKE-USD
1756407600,2.587,2.597,2.595,2.589,435.35,CAKE-USD
1756411200,2.587,2.594,2.587,2.594,85.42,CAKE-USD
1756414800,2.599,2.604,2.599,2.604,139.68,CAKE-USD
1756418400,2.608,2.617,2.608,2.613,269.32,CAKE-USD
1756422000,2.607,2.617,2.617,2.607,58.99,CAKE-USD
1756425600,2.594,2.608,2.608,2.594,401.8,CAKE-USD
1756429200,2.588,2.596,2.594,2.59,985.7,CAKE-USD
1756436400,2.581,2.592,2.589,2.588,1264.68,CAKE-USD
1756440000,2.581,2.594,2.594,2.581,121.26,CAKE-USD
1756443600,2.58,2.589,2.586,2.58,8.79,CAKE-USD
1756447200,2.561,2.576,2.576,2.561,1414.65,CAKE-USD
1756450800,2.519,2.557,2.557,2.52,1448.34,CAKE-USD
1756454400,2.489,2.516,2.516,2.489,2741.96,CAKE-USD
1756458000,2.473,2.502,2.486,2.502,4233.33,CAKE-USD
1756461600,2.498,2.507,2.507,2.498,126.29,CAKE-USD
1756468800,2.501,2.535,2.501,2.526,752.87,CAKE-USD
1756472400,2.495,2.515,2.515,2.495,37.59,CAKE-USD
1756476000,2.485,2.508,2.49,2.503,881.95,CAKE-USD
1756479600,2.493,2.512,2.51,2.493,589.58,CAKE-USD
1756483200,2.482,2.507,2.507,2.482,3.19,CAKE-USD
1756486800,2.478,2.486,2.482,2.478,191.94,CAKE-USD
1756490400,2.466,2.475,2.475,2.466,814.43,CAKE-USD
1756494000,2.458,2.485,2.462,2.469,280.75,CAKE-USD
1756497600,2.464,2.472,2.466,2.472,4876.77,CAKE-USD
1756501200,2.478,2.487,2.478,2.478,1127.0,CAKE-USD
1756504800,2.482,2.488,2.482,2.484,1536.95,CAKE-USD
1756508400,2.481,2.492,2.486,2.481,102.57,CAKE-USD
1756512000,2.471,2.483,2.481,2.471,368.33,CAKE-USD
1756515600,2.461,2.483,2.471,2.483,210.51,CAKE-USD
1756519200,2.482,2.491,2.482,2.491,61.21,CAKE-USD
1756522800,2.492,2.504,2.492,2.501,205.84,CAKE-USD
1756526400,2.493,2.512,2.501,2.512,412.63,CAKE-USD
1756533600,2.5,2.505,2.505,2.502,496.45,CAKE-USD
1756548000,2.495,2.5,2.495,2.5,161.06,CAKE-USD
1756555200,2.488,2.501,2.5,2.488,258.71,CAKE-USD
1756558800,2.484,2.484,2.484,2.484,9.72,CAKE-USD
1756562400,2.479,2.484,2.479,2.48,132.65,CAKE-USD
1756566000,2.475,2.496,2.478,2.489,6268.26,CAKE-USD
1756569600,2.478,2.489,2.489,2.485,90.53,CAKE-USD
1756573200,2.477,2.48,2.477,2.477,174.75,CAKE-USD
1756576800,2.478,2.481,2.48,2.478,52.54,CAKE-USD
1756580400,2.476,2.489,2.476,2.482,311.78,CAKE-USD
1756584000,2.48,2.494,2.48,2.494,6.17,CAKE-USD
1756591200,2.494,2.498,2.494,2.498,48.89,CAKE-USD
1756594800,2.495,2.501,2.498,2.501,682.93,CAKE-USD
1756598400,2.498,2.515,2.501,2.515,1819.21,CAKE-USD
1756602000,2.513,2.523,2.513,2.523,37.62,CAKE-USD
1756609200,2.522,2.535,2.522,2.525,5987.37,CAKE-USD
1756612800,2.51,2.525,2.525,2.511,407.08,CAKE-USD
1756616400,2.504,2.509,2.508,2.504,984.88,CAKE-USD
1756620000,2.49,2.507,2.504,2.49,1306.56,CAKE-USD
1756623600,2.494,2.509,2.494,2.509,361.53,CAKE-USD
1756630800,2.492,2.509,2.509,2.492,39.91,CAKE-USD
1756634400,2.489,2.495,2.489,2.495,201.95,CAKE-USD
1756638000,2.501,2.502,2.502,2.502,98.82,CAKE-USD
1756641600,2.498,2.505,2.505,2.498,191.79,CAKE-USD
1756645200,2.486,2.498,2.498,2.487,1560.38,CAKE-USD
1756648800,2.492,2.494,2.492,2.494,203.13,CAKE-USD
1756652400,2.492,2.494,2.494,2.492,181.06,CAKE-USD
1756656000,2.484,2.49,2.484,2.489,259.3,CAKE-USD
1756659600,2.491,2.5,2.492,2.5,34.8,CAKE-USD
1756663200,2.499,2.5,2.5,2.499,194.84,CAKE-USD
1756666800,2.489,2.499,2.496,2.497,560.79,CAKE-USD
1756670400,2.492,2.498,2.498,2.492,83.61,CAKE-USD
1756674000,2.488,2.494,2.489,2.49,323.2,CAKE-USD
1756677600,2.478,2.486,2.486,2.478,4.72,CAKE-USD
1756681200,2.466,2.475,2.475,2.466,6.86,CAKE-USD
1756684800,2.45,2.464,2.462,2.454,223.78,CAKE-USD
1756688400,2.464,2.468,2.464,2.466,44.11,CAKE-USD
1756692000,2.435,2.462,2.452,2.435,513.87,CAKE-USD
1756695600,2.439,2.444,2.439,2.444,142.81,CAKE-USD
1756699200,2.424,2.441,2.441,2.432,452.27,CAKE-USD
1756702800,2.433,2.442,2.437,2.438,60.01,CAKE-USD
1756706400,2.441,2.455,2.442,2.455,574.32,CAKE-USD
1756710000,2.465,2.495,2.465,2.495,826.15,CAKE-USD
1756713600,2.496,2.504,2.496,2.504,6.52,CAKE-USD
1756717200,2.476,2.507,2.507,2.476,1.02,CAKE-USD
1756720800,2.476,2.481,2.477,2.481,15.63,CAKE-USD
1756724400,2.468,2.477,2.477,2.468,55.97,CAKE-USD
1756728000,2.458,2.464,2.462,2.464,452.42,CAKE-USD
1756731600,2.453,2.469,2.469,2.453,1.34,CAKE-USD
1756735200,2.414,2.451,2.451,2.416,978.89,CAKE-USD
1756738800,2.393,2.404,2.4,2.393,88.86,CAKE-USD
1756742400,2.383,2.394,2.392,2.394,3273.45,CAKE-USD
1756746000,2.386,2.396,2.392,2.396,601.37,CAKE-USD
1756749600,2.392,2.399,2.396,2.399,387.26,CAKE-USD
1756753200,2.394,2.403,2.394,2.398,110.58,CAKE-USD
1756756800,2.367,2.379,2.374,2.376,2614.34,CAKE-USD
1756760400,2.362,2.374,2.369,2.374,1164.39,CAKE-USD
1756764000,2.364,2.376,2.374,2.376,168.28,CAKE-USD
1756767600,2.37,2.383,2.371,2.383,26.84,CAKE-USD
1756774800,2.387,2.4,2.387,2.4,225.18,CAKE-USD
1756778400,2.406,2.414,2.406,2.414,51.78,CAKE-USD
1756782000,2.42,2.428,2.428,2.427,90.95,CAKE-USD
1756785600,2.429,2.435,2.434,2.429,184.8,CAKE-USD
1756789200,2.426,2.443,2.426,2.443,416.02,CAKE-USD
1756792800,2.435,2.439,2.435,2.439,263.97,CAKE-USD
1756796400,2.416,2.435,2.435,2.416,373.23,CAKE-USD
1756800000,2.42,2.429,2.422,2.429,235.9,CAKE-USD
1756803600,2.41,2.425,2.425,2.41,1197.71,CAKE-USD
1756807200,2.41,2.415,2.41,2.415,285.55,CAKE-USD
1756810800,2.394,2.414,2.414,2.394,100.06,CAKE-USD
1756814400,2.374,2.394,2.393,2.377,444.36,CAKE-USD
1756818000,2.398,2.414,2.401,2.414,324.59,CAKE-USD
1756821600,2.405,2.422,2.414,2.405,153.12,CAKE-USD
1756825200,2.384,2.397,2.397,2.387,29.78,CAKE-USD
1756828800,2.393,2.397,2.393,2.397,6.33,CAKE-USD
1756832400,2.397,2.408,2.398,2.397,103.94,CAKE-USD
1756836000,2.387,2.405,2.398,2.387,1232.34,CAKE-USD
1756843200,2.381,2.401,2.384,2.401,623.97,CAKE-USD
1756846800,2.395,2.407,2.407,2.395,1198.5,CAKE-USD
1756850400,2.387,2.401,2.401,2.387,10005.03,CAKE-USD
1756857600,2.389,2.401,2.399,2.389,642.39,CAKE-USD
1756861200,2.376,2.395,2.389,2.395,2037.27,CAKE-USD
1756864800,2.39,2.404,2.404,2.39,7.88,CAKE-USD
1756868400,2.378,2.386,2.386,2.378,3.17,CAKE-USD
1756872000,2.38,2.384,2.38,2.381,6.08,CAKE-USD
1756875600,2.374,2.379,2.379,2.374,501.2,CAKE-USD
1756882800,2.357,2.371,2.371,2.364,92.85,CAKE-USD
1756890000,2.364,2.383,2.365,2.383,247.07,CAKE-USD
1756893600,2.372,2.381,2.381,2.372,486.23,CAKE-USD
1756897200,2.376,2.379,2.379,2.376,2.52,CAKE-USD
1756900800,2.377,2.388,2.377,2.388,859.18,CAKE-USD
1756904400,2.394,2.418,2.394,2.418,243.16,CAKE-USD
1756908000,2.424,2.425,2.425,2.425,28.81,CAKE-USD
1756911600,2.408,2.424,2.424,2.408,33.36,CAKE-USD
1756915200,2.397,2.416,2.408,2.416,219.36,CAKE-USD
1756918800,2.41,2.419,2.419,2.41,51.7,CAKE-USD
1756922400,2.404,2.407,2.404,2.407,244.32,CAKE-USD
1756929600,2.396,2.407,2.406,2.397,600.96,CAKE-USD
1756933200,2.396,2.402,2.402,2.396,21.18,CAKE-USD
1756936800,2.398,2.405,2.405,2.399,2358.45,CAKE-USD
1756940400,2.391,2.398,2.394,2.396,612.51,CAKE-USD
1756944000,2.392,2.401,2.393,2.392,69.17,CAKE-USD
1756947600,2.385,2.392,2.389,2.385,925.67,CAKE-USD
1756951200,2.371,2.392,2.39,2.371,331.23,CAKE-USD
1756954800,2.37,2.373,2.373,2.37,350.07,CAKE-USD
1756958400,2.367,2.376,2.37,2.367,1856.7,CAKE-USD
1756962000,2.354,2.365,2.365,2.356,1604.63,CAKE-USD
1756965600,2.343,2.363,2.354,2.363,299.33,CAKE-USD
1756969200,2.356,2.362,2.356,2.362,28.93,CAKE-USD
1756976400,2.353,2.357,2.354,2.353,94.08,CAKE-USD
1756980000,2.354,2.359,2.354,2.357,109.72,CAKE-USD
1756990800,2.362,2.364,2.364,2.362,116.22,CAKE-USD
1756994400,2.347,2.353,2.347,2.35,173.98,CAKE-USD
1756998000,2.337,2.35,2.35,2.337,1162.35,CAKE-USD
1757001600,2.331,2.353,2.334,2.353,5356.05,CAKE-USD
1757005200,2.337,2.348,2.348,2.337,18.7,CAKE-USD
1757012400,2.335,2.339,2.339,2.337,5.64,CAKE-USD
1757016000,2.342,2.351,2.342,2.351,166.24,CAKE-USD
1757019600,2.351,2.354,2.351,2.354,0.2,CAKE-USD
1757023200,2.354,2.361,2.354,2.361,10.94,CAKE-USD
1757026800,2.343,2.357,2.357,2.343,1168.79,CAKE-USD
1757034000,2.351,2.364,2.351,2.364,18.88,CAKE-USD
1757037600,2.357,2.362,2.362,2.357,1.67,CAKE-USD
1757044800,2.357,2.365,2.357,2.365,86.96,CAKE-USD
1757048400,2.37,2.375,2.37,2.375,846.04,CAKE-USD
1757052000,2.372,2.383,2.372,2.383,1.95,CAKE-USD
1757055600,2.387,2.394,2.388,2.389,1376.22,CAKE-USD
1757059200,2.388,2.392,2.389,2.392,80.3,CAKE-USD
1757070000,2.392,2.405,2.397,2.405,117.8,CAKE-USD
1757073600,2.389,2.413,2.404,2.413,754.99,CAKE-USD
1757077200,2.4,2.417,2.41,2.4,3823.77,CAKE-USD
1757080800,2.363,2.399,2.399,2.373,2110.56,CAKE-USD
1757084400,2.372,2.377,2.372,2.377,572.61,CAKE-USD
1757088000,2.377,2.381,2.377,2.38,366.92,CAKE-USD
1757091600,2.376,2.382,2.382,2.378,1025.58,CAKE-USD
1757095200,2.372,2.384,2.378,2.384,717.76,CAKE-USD
1757095200,2.372,2.384,2.378,2.384,717.76,CAKE-USD
1757098800,2.383,2.386,2.383,2.386,61.08,CAKE-USD
1757102400,2.378,2.39,2.386,2.378,1084.4,CAKE-USD
1757106000,2.375,2.376,2.375,2.376,63.18,CAKE-USD
1757113200,2.375,2.388,2.38,2.388,185.87,CAKE-USD
1757120400,2.377,2.386,2.386,2.377,339.0,CAKE-USD
1757124000,2.377,2.388,2.38,2.386,106.77,CAKE-USD
1757127600,2.39,2.391,2.39,2.391,177.29,CAKE-USD
1757131200,2.389,2.407,2.389,2.407,8331.7,CAKE-USD
1757142000,2.385,2.411,2.397,2.385,8413.02,CAKE-USD
1757145600,2.383,2.388,2.388,2.383,30.0,CAKE-USD
1757149200,2.383,2.392,2.383,2.392,305.49,CAKE-USD
1757156400,2.387,2.396,2.387,2.396,3.53,CAKE-USD
1757160000,2.393,2.402,2.393,2.402,346.43,CAKE-USD
1757163600,2.397,2.409,2.402,2.408,212.51,CAKE-USD
1757167200,2.405,2.411,2.409,2.406,1010.73,CAKE-USD
1757170800,2.392,2.404,2.404,2.402,386.48,CAKE-USD
1757174400,2.398,2.406,2.398,2.406,209.53,CAKE-USD
1757178000,2.399,2.408,2.405,2.408,26.65,CAKE-USD
1757181600,2.4,2.408,2.408,2.4,38.49,CAKE-USD
1757185200,2.393,2.401,2.396,2.401,149.98,CAKE-USD
1757192400,2.4,2.406,2.404,2.4,111.61,CAKE-USD
1757199600,2.404,2.409,2.404,2.409,435.97,CAKE-USD
1757203200,2.405,2.412,2.41,2.412,12.5,CAKE-USD
1757206800,2.409,2.415,2.414,2.409,1062.86,CAKE-USD
1757210400,2.416,2.417,2.416,2.417,169.12,CAKE-USD
1757214000,2.417,2.424,2.417,2.424,21.7,CAKE-USD
1757217600,2.42,2.424,2.421,2.421,405.69,CAKE-USD
1757224800,2.413,2.428,2.428,2.413,145.93,CAKE-USD
1757228400,2.414,2.422,2.414,2.422,205.41,CAKE-USD
1757232000,2.416,2.422,2.42,2.416,4.83,CAKE-USD
1757239200,2.415,2.418,2.418,2.415,5.71,CAKE-USD
1757242800,2.419,2.419,2.419,2.419,17.53,CAKE-USD
1757246400,2.414,2.42,2.42,2.414,18.78,CAKE-USD
1757253600,2.412,2.415,2.412,2.412,491.39,CAKE-USD
1757257200,2.413,2.417,2.413,2.415,103.63,CAKE-USD
1757260800,2.399,2.412,2.412,2.399,194.53,CAKE-USD
1757268000,2.399,2.404,2.404,2.404,656.4,CAKE-USD
1757271600,2.399,2.407,2.404,2.401,695.74,CAKE-USD
1757275200,2.399,2.401,2.4,2.401,286.37,CAKE-USD
1757282400,2.399,2.419,2.399,2.419,1561.26,CAKE-USD
1757289600,2.413,2.416,2.416,2.413,121.63,CAKE-USD
1757293200,2.406,2.411,2.411,2.406,274.44,CAKE-USD
1757296800,2.405,2.428,2.405,2.428,56.49,CAKE-USD
1757300400,2.418,2.43,2.426,2.418,31.1,CAKE-USD
1757307600,2.412,2.418,2.416,2.412,33.27,CAKE-USD
1757311200,2.414,2.43,2.414,2.43,43.02,CAKE-USD
1757318400,2.432,2.438,2.434,2.438,5.75,CAKE-USD
1757322000,2.442,2.449,2.443,2.449,9.18,CAKE-USD
1757325600,2.445,2.461,2.451,2.445,33.25,CAKE-USD
1757329200,2.436,2.448,2.441,2.448,89.13,CAKE-USD
1757332800,2.439,2.45,2.439,2.449,1097.45,CAKE-USD
1757336400,2.443,2.452,2.451,2.452,1165.34,CAKE-USD
1757340000,2.449,2.464,2.459,2.464,381.99,CAKE-USD
1757343600,2.457,2.471,2.464,2.463,834.24,CAKE-USD
1757347200,2.451,2.465,2.458,2.451,467.48,CAKE-USD
1757350800,2.453,2.463,2.463,2.453,208.58,CAKE-USD
1757358000,2.438,2.446,2.446,2.441,3333.61,CAKE-USD
1757365200,2.441,2.454,2.441,2.454,376.68,CAKE-USD
1757368800,2.457,2.457,2.457,2.457,76.06,CAKE-USD
1757372400,2.452,2.454,2.452,2.454,189.25,CAKE-USD
1757376000,2.449,2.463,2.456,2.452,1744.9,CAKE-USD
1757379600,2.439,2.447,2.447,2.439,101.75,CAKE-USD
1757383200,2.43,2.437,2.437,2.43,42.46,CAKE-USD
1757386800,2.432,2.445,2.432,2.445,42.69,CAKE-USD
1757390400,2.439,2.448,2.442,2.445,2051.64,CAKE-USD
1757394000,2.437,2.45,2.445,2.45,555.57,CAKE-USD
1757397600,2.455,2.463,2.455,2.463,562.24,CAKE-USD
1757401200,2.467,2.475,2.467,2.475,326.81,CAKE-USD
1757404800,2.469,2.476,2.474,2.474,240.73,CAKE-USD
1757408400,2.474,2.481,2.474,2.481,4957.15,CAKE-USD
1757412000,2.461,2.465,2.465,2.461,108.96,CAKE-USD
1757415600,2.46,2.478,2.469,2.478,708.35,CAKE-USD
1757419200,2.45,2.472,2.472,2.45,932.96,CAKE-USD
1757422800,2.447,2.459,2.448,2.447,230.54,CAKE-USD
1757426400,2.428,2.456,2.456,2.432,6839.17,CAKE-USD
1757430000,2.414,2.425,2.425,2.414,7.49,CAKE-USD
1757433600,2.408,2.419,2.412,2.408,1150.94,CAKE-USD
1757437200,2.413,2.416,2.413,2.416,250.36,CAKE-USD
1757440800,2.413,2.416,2.416,2.414,108.82,CAKE-USD
1757444400,2.417,2.42,2.42,2.417,40.22,CAKE-USD
1757448000,2.415,2.422,2.415,2.422,307.35,CAKE-USD
1757451600,2.417,2.432,2.421,2.432,63.98,CAKE-USD
1757458800,2.421,2.423,2.421,2.422,117.02,CAKE-USD
1757462400,2.417,2.422,2.422,2.417,236.03,CAKE-USD
1757466000,2.417,2.424,2.417,2.424,40.88,CAKE-USD
1757469600,2.422,2.435,2.423,2.435,858.62,CAKE-USD
1757473200,2.429,2.434,2.434,2.432,123.27,CAKE-USD
1757480400,2.439,2.493,2.445,2.493,2333.26,CAKE-USD
1757484000,2.465,2.494,2.492,2.473,2228.1,CAKE-USD
1757487600,2.46,2.481,2.47,2.474,4444.01,CAKE-USD
1757491200,2.464,2.473,2.471,2.467,86.73,CAKE-USD
1757494800,2.466,2.502,2.466,2.501,1212.89,CAKE-USD
1757498400,2.493,2.539,2.501,2.515,3848.89,CAKE-USD
1757502000,2.51,2.521,2.521,2.521,127.94,CAKE-USD
1757505600,2.51,2.537,2.525,2.537,817.38,CAKE-USD
1757509200,2.531,2.564,2.537,2.56,4980.06,CAKE-USD
1757512800,2.547,2.575,2.559,2.575,2036.68,CAKE-USD
1757516400,2.539,2.58,2.574,2.539,317.25,CAKE-USD
1757520000,2.525,2.54,2.539,2.539,1780.89,CAKE-USD
1757523600,2.521,2.532,2.531,2.521,2635.72,CAKE-USD
1757527200,2.518,2.529,2.524,2.518,1542.23,CAKE-USD
1757530800,2.49,2.515,2.515,2.492,11318.82,CAKE-USD
1757534400,2.5,2.505,2.5,2.505,209.91,CAKE-USD
1757538000,2.504,2.511,2.506,2.511,456.11,CAKE-USD
1757541600,2.508,2.518,2.508,2.518,160.93,CAKE-USD
1757545200,2.511,2.518,2.518,2.513,175.89,CAKE-USD
1757548800,2.508,2.534,2.508,2.534,1865.52,CAKE-USD
1757552400,2.532,2.557,2.532,2.554,4247.6,CAKE-USD
1757556000,2.54,2.554,2.554,2.546,1818.86,CAKE-USD
1757559600,2.525,2.547,2.547,2.532,2846.41,CAKE-USD
1757563200,2.53,2.542,2.531,2.538,715.05,CAKE-USD
1757566800,2.525,2.536,2.536,2.531,2161.64,CAKE-USD
1757570400,2.528,2.551,2.532,2.551,3274.26,CAKE-USD
1757574000,2.541,2.549,2.549,2.541,2044.74,CAKE-USD
1757581200,2.519,2.539,2.539,2.526,2290.26,CAKE-USD
1757584800,2.528,2.543,2.528,2.543,410.79,CAKE-USD
1757588400,2.526,2.55,2.55,2.526,36.8,CAKE-USD
1757592000,2.489,2.543,2.534,2.505,2095.79,CAKE-USD
1757595600,2.507,2.517,2.507,2.512,221.18,CAKE-USD
1757599200,2.505,2.511,2.505,2.506,52.38,CAKE-USD
1757602800,2.496,2.512,2.512,2.5,1316.29,CAKE-USD
1757606400,2.501,2.51,2.504,2.507,2476.79,CAKE-USD
1757610000,2.504,2.51,2.507,2.504,239.57,CAKE-USD
1757613600,2.505,2.509,2.507,2.505,284.44,CAKE-USD
1757617200,2.501,2.524,2.506,2.51,1313.93,CAKE-USD
1757620800,2.507,2.514,2.507,2.514,2059.42,CAKE-USD
1757624400,2.509,2.52,2.509,2.52,165.18,CAKE-USD
1757628000,2.523,2.532,2.523,2.532,59.38,CAKE-USD
1757631600,2.53,2.537,2.534,2.537,3932.64,CAKE-USD
1757635200,2.533,2.559,2.535,2.554,3155.01,CAKE-USD
1757638800,2.539,2.554,2.554,2.539,489.97,CAKE-USD
1757642400,2.539,2.548,2.539,2.542,238.07,CAKE-USD
1757646000,2.531,2.541,2.54,2.541,3126.93,CAKE-USD
1757649600,2.539,2.549,2.541,2.548,320.51,CAKE-USD
1757653200,2.54,2.558,2.54,2.552,1608.16,CAKE-USD
1757656800,2.548,2.562,2.552,2.548,868.07,CAKE-USD
1757660400,2.541,2.555,2.555,2.547,531.8,CAKE-USD
1757664000,2.544,2.547,2.547,2.544,162.99,CAKE-USD
1757671200,2.532,2.542,2.535,2.542,175.23,CAKE-USD
1757674800,2.531,2.543,2.543,2.531,441.14,CAKE-USD
1757678400,2.527,2.553,2.531,2.546,1319.04,CAKE-USD
1757682000,2.549,2.557,2.549,2.557,823.95,CAKE-USD
1757685600,2.543,2.56,2.56,2.543,3.93,CAKE-USD
1757689200,2.554,2.557,2.555,2.554,1115.61,CAKE-USD
1757696400,2.563,2.587,2.565,2.587,2115.27,CAKE-USD
1757700000,2.585,2.61,2.585,2.609,5933.24,CAKE-USD
1757703600,2.605,2.61,2.605,2.609,630.93,CAKE-USD
1757707200,2.602,2.61,2.604,2.602,720.98,CAKE-USD
1757710800,2.594,2.6,2.6,2.6,1125.6,CAKE-USD
1757714400,2.598,2.606,2.606,2.598,318.52,CAKE-USD
1757718000,2.602,2.615,2.602,2.615,70.65,CAKE-USD
1757721600,2.601,2.616,2.614,2.616,5877.74,CAKE-USD
1757725200,2.599,2.617,2.617,2.602,435.52,CAKE-USD
1757728800,2.603,2.61,2.603,2.61,883.99,CAKE-USD
1757732400,2.611,2.626,2.613,2.626,3091.2,CAKE-USD
1757736000,2.621,2.631,2.622,2.626,1355.95,CAKE-USD
1757739600,2.621,2.636,2.624,2.636,1289.67,CAKE-USD
1757743200,2.626,2.643,2.634,2.626,2468.65,CAKE-USD
1757746800,2.623,2.625,2.623,2.625,462.53,CAKE-USD
1757750400,2.628,2.637,2.634,2.637,53.18,CAKE-USD
1757754000,2.643,2.646,2.644,2.646,4782.44,CAKE-USD
1757757600,2.646,2.666,2.646,2.658,15757.95,CAKE-USD
1757761200,2.638,2.663,2.644,2.66,1162.2,CAKE-USD
1757764800,2.65,2.658,2.658,2.653,298.05,CAKE-USD
1757768400,2.61,2.664,2.664,2.628,24300.26,CAKE-USD
1757772000,2.609,2.642,2.628,2.642,13466.63,CAKE-USD
1757775600,2.616,2.623,2.623,2.623,24.76,CAKE-USD
1757779200,2.591,2.632,2.63,2.594,11876.24,CAKE-USD
1757782800,2.576,2.595,2.581,2.586,348.77,CAKE-USD
1757786400,2.588,2.594,2.588,2.589,187.27,CAKE-USD
1757793600,2.581,2.596,2.59,2.596,2121.92,CAKE-USD
1757797200,2.59,2.595,2.593,2.595,200.41,CAKE-USD
1757800800,2.59,2.598,2.59,2.598,1497.06,CAKE-USD
1757804400,2.592,2.599,2.597,2.596,1053.09,CAKE-USD
1757808000,2.576,2.596,2.592,2.576,797.29,CAKE-USD
1757811600,2.571,2.599,2.571,2.599,4.34,CAKE-USD
1757815200,2.592,2.593,2.593,2.593,212.0,CAKE-USD
1757818800,2.559,2.595,2.593,2.559,1607.07,CAKE-USD
1757822400,2.55,2.574,2.562,2.565,2198.08,CAKE-USD
1757826000,2.566,2.577,2.566,2.577,12.37,CAKE-USD
1757833200,2.565,2.575,2.573,2.565,391.13,CAKE-USD
1757840400,2.563,2.572,2.572,2.563,208.95,CAKE-USD
1757847600,2.539,2.57,2.57,2.541,116.18,CAKE-USD
1757851200,2.53,2.543,2.543,2.538,1098.45,CAKE-USD
1757854800,2.525,2.539,2.539,2.531,685.73,CAKE-USD
1757858400,2.511,2.522,2.522,2.513,236.91,CAKE-USD
1757862000,2.513,2.518,2.517,2.513,1160.66,CAKE-USD
1757865600,2.52,2.534,2.52,2.534,3269.13,CAKE-USD
1757869200,2.53,2.54,2.535,2.535,226.14,CAKE-USD
1757872800,2.529,2.531,2.531,2.529,19.31,CAKE-USD
1757876400,2.533,2.545,2.533,2.545,595.83,CAKE-USD
1757880000,2.541,2.549,2.549,2.541,368.16,CAKE-USD
1757883600,2.541,2.556,2.541,2.556,4.09,CAKE-USD
1757887200,2.532,2.553,2.553,2.532,489.8,CAKE-USD
1757890800,2.526,2.531,2.531,2.526,6.8,CAKE-USD
1757894400,2.515,2.534,2.528,2.515,5004.52,CAKE-USD
1757898000,2.537,2.543,2.538,2.543,12.22,CAKE-USD
1757908800,2.538,2.551,2.539,2.546,1762.35,CAKE-USD
1757912400,2.54,2.547,2.547,2.54,497.99,CAKE-USD
1757919600,2.499,2.533,2.533,2.499,4313.92,CAKE-USD
1757923200,2.455,2.499,2.499,2.455,2584.52,CAKE-USD
1757926800,2.466,2.487,2.466,2.469,373.13,CAKE-USD
1757930400,2.455,2.468,2.468,2.466,216.88,CAKE-USD
1757934000,2.461,2.47,2.469,2.461,312.25,CAKE-USD
1757937600,2.449,2.465,2.46,2.454,7258.47,CAKE-USD
1757941200,2.452,2.466,2.453,2.456,900.39,CAKE-USD
1757944800,2.447,2.462,2.462,2.447,511.86,CAKE-USD
1757948400,2.436,2.446,2.444,2.437,708.79,CAKE-USD
1757952000,2.434,2.442,2.434,2.441,1707.16,CAKE-USD
1757955600,2.437,2.451,2.437,2.451,162.71,CAKE-USD
1757959200,2.443,2.452,2.443,2.452,96.2,CAKE-USD
1757962800,2.446,2.453,2.452,2.453,133.34,CAKE-USD
1757966400,2.453,2.459,2.453,2.459,2327.83,CAKE-USD
1757970000,2.453,2.462,2.457,2.462,2004.32,CAKE-USD
1757973600,2.452,2.461,2.46,2.457,2502.07,CAKE-USD
1757977200,2.457,2.459,2.458,2.457,168.24,CAKE-USD
1757980800,2.45,2.461,2.452,2.461,4165.65,CAKE-USD
1757991600,2.434,2.449,2.447,2.434,278.8,CAKE-USD
1757995200,2.454,2.455,2.455,2.454,12.68,CAKE-USD
1757995200,2.454,2.455,2.455,2.454,12.68,CAKE-USD
1757998800,2.456,2.467,2.458,2.467,287.27,CAKE-USD
1758002400,2.454,2.467,2.467,2.459,165.94,CAKE-USD
1758006000,2.462,2.468,2.465,2.468,34.03,CAKE-USD
1758009600,2.468,2.475,2.469,2.474,218.58,CAKE-USD
1758013200,2.47,2.472,2.47,2.47,150.14,CAKE-USD
1758016800,2.458,2.467,2.467,2.459,660.79,CAKE-USD
1758024000,2.457,2.464,2.462,2.457,3144.77,CAKE-USD
1758027600,2.436,2.466,2.457,2.436,3360.14,CAKE-USD
1758031200,2.439,2.444,2.439,2.44,174.92,CAKE-USD
1758034800,2.452,2.454,2.452,2.452,143.21,CAKE-USD
1758038400,2.448,2.475,2.457,2.475,438.7,CAKE-USD
1758042000,2.472,2.547,2.472,2.519,12583.15,CAKE-USD
1758045600,2.515,2.533,2.526,2.528,2655.71,CAKE-USD
1758049200,2.518,2.532,2.518,2.525,400.06,CAKE-USD
1758052800,2.524,2.538,2.527,2.538,3604.5,CAKE-USD
1758056400,2.529,2.544,2.536,2.542,838.87,CAKE-USD
1758060000,2.541,2.551,2.543,2.551,1266.01,CAKE-USD
1758063600,2.542,2.554,2.548,2.545,7235.34,CAKE-USD
1758067200,2.537,2.576,2.548,2.567,2495.13,CAKE-USD
1758070800,2.562,2.596,2.568,2.576,2471.27,CAKE-USD
1758074400,2.573,2.735,2.574,2.735,9008.09,CAKE-USD
1758078000,2.608,2.765,2.734,2.612,19627.39,CAKE-USD
1758081600,2.587,2.617,2.609,2.594,1576.67,CAKE-USD
1758085200,2.576,2.593,2.593,2.59,493.64,CAKE-USD
1758088800,2.59,2.612,2.591,2.61,523.07,CAKE-USD
1758092400,2.612,2.631,2.612,2.615,627.0,CAKE-USD
1758096000,2.594,2.615,2.596,2.615,746.99,CAKE-USD
1758099600,2.591,2.598,2.591,2.592,115.0,CAKE-USD
1758103200,2.574,2.594,2.593,2.586,172.63,CAKE-USD
1758106800,2.574,2.581,2.579,2.581,97.52,CAKE-USD
1758110400,2.558,2.588,2.583,2.575,3576.14,CAKE-USD
1758114000,2.555,2.574,2.574,2.566,305.3,CAKE-USD
1758117600,2.547,2.562,2.562,2.551,1164.25,CAKE-USD
1758121200,2.544,2.563,2.563,2.548,256.7,CAKE-USD
1758124800,2.526,2.55,2.543,2.538,398.12,CAKE-USD
1758128400,2.529,2.561,2.532,2.549,408.61,CAKE-USD
1758132000,2.538,2.573,2.55,2.557,710.97,CAKE-USD
1758135600,2.57,2.591,2.57,2.589,3185.72,CAKE-USD
1758139200,2.582,2.608,2.59,2.582,968.01,CAKE-USD
1758142800,2.594,2.611,2.594,2.611,109.59,CAKE-USD
1758146400,2.616,2.69,2.616,2.69,9646.45,CAKE-USD
1758150000,2.667,2.699,2.688,2.698,6232.73,CAKE-USD
1758153600,2.671,2.701,2.701,2.671,1938.08,CAKE-USD
1758157200,2.666,2.708,2.668,2.708,9133.87,CAKE-USD
1758160800,2.699,2.73,2.708,2.729,6447.76,CAKE-USD
1758164400,2.729,2.761,2.729,2.739,9297.31,CAKE-USD
1758168000,2.709,2.733,2.73,2.709,352.19,CAKE-USD
1758171600,2.691,2.707,2.707,2.695,904.55,CAKE-USD
1758175200,2.671,2.69,2.69,2.676,415.1,CAKE-USD
1758178800,2.678,2.715,2.684,2.715,3074.15,CAKE-USD
1758182400,2.715,2.778,2.715,2.755,4568.89,CAKE-USD
1758186000,2.75,2.786,2.757,2.783,2422.62,CAKE-USD
1758189600,2.734,2.796,2.785,2.745,11835.85,CAKE-USD
1758193200,2.733,2.75,2.745,2.742,3245.98,CAKE-USD
1758196800,2.733,2.768,2.743,2.761,3774.64,CAKE-USD
1758200400,2.739,2.771,2.761,2.759,3743.59,CAKE-USD
1758204000,2.743,2.759,2.759,2.755,2320.17,CAKE-USD
1758207600,2.753,2.782,2.755,2.782,3041.6,CAKE-USD
1758211200,2.763,2.787,2.777,2.78,3768.58,CAKE-USD
1758214800,2.75,2.783,2.779,2.75,1787.36,CAKE-USD
1758218400,2.749,2.763,2.75,2.749,315.64,CAKE-USD
1758222000,2.734,2.748,2.746,2.744,1159.97,CAKE-USD
1758225600,2.755,2.755,2.755,2.755,251.03,CAKE-USD
1758229200,2.741,2.754,2.75,2.743,3605.1,CAKE-USD
1758232800,2.717,2.746,2.734,2.717,773.94,CAKE-USD
1758236400,2.716,2.743,2.717,2.743,6386.98,CAKE-USD
1758240000,2.738,2.745,2.738,2.745,54.97,CAKE-USD
1758243600,2.723,2.744,2.744,2.724,316.98,CAKE-USD
1758247200,2.721,2.737,2.737,2.725,6050.36,CAKE-USD
1758250800,2.681,2.719,2.718,2.681,3845.2,CAKE-USD
1758254400,2.674,2.707,2.677,2.707,336.97,CAKE-USD
1758258000,2.689,2.721,2.703,2.705,986.35,CAKE-USD
1758261600,2.694,2.706,2.7,2.695,12241.39,CAKE-USD
1758265200,2.704,2.717,2.704,2.717,198.91,CAKE-USD
1758268800,2.717,2.738,2.717,2.718,1442.85,CAKE-USD
1758272400,2.694,2.717,2.717,2.698,490.03,CAKE-USD
1758276000,2.684,2.697,2.693,2.684,403.33,CAKE-USD
1758279600,2.669,2.69,2.684,2.69,788.03,CAKE-USD
1758283200,2.663,2.688,2.688,2.673,6957.46,CAKE-USD
1758286800,2.664,2.684,2.668,2.68,1943.81,CAKE-USD
1758290400,2.648,2.677,2.675,2.655,625.12,CAKE-USD
1758294000,2.65,2.677,2.65,2.677,108.43,CAKE-USD
1758297600,2.673,2.679,2.678,2.679,165.44,CAKE-USD
1758301200,2.675,2.697,2.679,2.677,1830.57,CAKE-USD
1758304800,2.667,2.684,2.672,2.671,47.78,CAKE-USD
1758308400,2.664,2.681,2.67,2.672,544.8,CAKE-USD
1758312000,2.666,2.679,2.672,2.671,2515.5,CAKE-USD
1758315600,2.672,2.688,2.672,2.688,69.81,CAKE-USD
1758319200,2.676,2.687,2.687,2.676,423.72,CAKE-USD
1758322800,2.666,2.706,2.681,2.706,1101.13,CAKE-USD
1758326400,2.692,2.729,2.703,2.692,9515.78,CAKE-USD
1758330000,2.69,2.703,2.692,2.692,590.33,CAKE-USD
1758333600,2.678,2.706,2.688,2.702,1377.24,CAKE-USD
1758337200,2.684,2.713,2.701,2.705,4133.02,CAKE-USD
1758340800,2.7,2.85,2.7,2.85,7663.2,CAKE-USD
1758344400,2.834,2.88,2.85,2.879,20554.56,CAKE-USD
1758348000,2.809,2.877,2.86,2.809,4472.86,CAKE-USD
1758351600,2.805,2.829,2.805,2.822,773.91,CAKE-USD
1758355200,2.805,2.876,2.835,2.811,5279.44,CAKE-USD
1758358800,2.767,2.814,2.81,2.79,6098.84,CAKE-USD
1758362400,2.78,2.793,2.791,2.785,467.9,CAKE-USD
1758366000,2.775,2.81,2.794,2.798,3529.99,CAKE-USD
1758369600,2.783,2.813,2.802,2.807,816.87,CAKE-USD
1758373200,2.804,2.861,2.81,2.832,22324.31,CAKE-USD
1758376800,2.825,2.882,2.825,2.882,4188.32,CAKE-USD
1758380400,2.876,2.968,2.884,2.905,25242.76,CAKE-USD
1758384000,2.9,2.971,2.908,2.959,17730.52,CAKE-USD
1758387600,2.939,2.986,2.947,2.95,11234.46,CAKE-USD
1758391200,2.919,2.96,2.941,2.96,8528.52,CAKE-USD
1758394800,2.93,3.015,2.967,2.957,18016.98,CAKE-USD
1758398400,2.95,3.004,2.96,2.985,8349.02,CAKE-USD
1758402000,2.982,3.027,2.986,3.023,8296.66,CAKE-USD
1758405600,3.019,3.066,3.028,3.037,27237.41,CAKE-USD
1758409200,3.009,3.069,3.025,3.069,25850.56,CAKE-USD
1758412800,3.016,3.137,3.07,3.111,30808.86,CAKE-USD
1758416400,2.99,3.142,3.1,3.016,21884.4,CAKE-USD
1758420000,2.975,3.039,3.025,2.99,20595.44,CAKE-USD
1758423600,2.971,3.01,2.981,2.983,11726.62,CAKE-USD
1758427200,2.97,2.997,2.987,2.996,3402.55,CAKE-USD
1758430800,2.983,3.029,3.002,3.01,1929.12,CAKE-USD
1758434400,3.005,3.06,3.01,3.06,2114.17,CAKE-USD
1758438000,3.003,3.074,3.056,3.003,4164.88,CAKE-USD
1758441600,2.943,3.014,3.004,2.943,12345.57,CAKE-USD
1758445200,2.866,2.944,2.944,2.909,33053.66,CAKE-USD
1758448800,2.903,2.936,2.919,2.903,13946.42,CAKE-USD
1758452400,2.894,2.917,2.917,2.897,432.75,CAKE-USD
1758456000,2.89,2.918,2.892,2.917,5639.98,CAKE-USD
1758459600,2.914,2.947,2.919,2.939,12954.85,CAKE-USD
1758463200,2.92,2.946,2.939,2.926,5543.97,CAKE-USD
1758466800,2.924,2.96,2.93,2.946,12192.89,CAKE-USD
1758470400,2.898,2.961,2.946,2.91,13437.87,CAKE-USD
1758474000,2.91,2.931,2.911,2.924,12872.53,CAKE-USD
1758477600,2.906,2.931,2.922,2.927,8178.06,CAKE-USD
1758481200,2.899,2.928,2.922,2.914,11695.73,CAKE-USD
1758484800,2.894,2.917,2.915,2.908,8050.65,CAKE-USD
1758488400,2.9,2.92,2.904,2.911,2029.41,CAKE-USD
1758492000,2.894,2.918,2.912,2.904,6960.91,CAKE-USD
1758495600,2.88,2.904,2.904,2.89,8064.59,CAKE-USD
1758499200,2.821,2.906,2.904,2.821,5091.39,CAKE-USD
1758502800,2.818,2.857,2.821,2.828,2651.61,CAKE-USD
1758506400,2.786,2.825,2.825,2.786,3100.83,CAKE-USD
1758510000,2.785,2.828,2.788,2.801,4094.03,CAKE-USD
1758513600,2.806,2.82,2.815,2.813,392.5,CAKE-USD
1758517200,2.769,2.81,2.808,2.769,1268.01,CAKE-USD
1758520800,2.636,2.767,2.767,2.742,15495.24,CAKE-USD
1758524400,2.719,2.745,2.744,2.719,478.29,CAKE-USD
1758528000,2.737,2.744,2.744,2.744,575.89,CAKE-USD
1758531600,2.702,2.761,2.74,2.717,49823.74,CAKE-USD
1758535200,2.701,2.729,2.723,2.729,467.49,CAKE-USD
1758538800,2.702,2.728,2.728,2.714,2093.44,CAKE-USD
1758542400,2.713,2.727,2.719,2.726,609.11,CAKE-USD
1758546000,2.712,2.734,2.727,2.734,2183.76,CAKE-USD
1758549600,2.639,2.742,2.742,2.639,19476.54,CAKE-USD
1758553200,2.64,2.657,2.654,2.642,12662.0,CAKE-USD
1758556800,2.58,2.637,2.637,2.616,8867.61,CAKE-USD
1758560400,2.616,2.652,2.616,2.652,14236.85,CAKE-USD
1758564000,2.631,2.655,2.65,2.631,347.55,CAKE-USD
1758567600,2.62,2.65,2.633,2.628,1402.5,CAKE-USD
1758571200,2.629,2.653,2.63,2.646,981.65,CAKE-USD
1758574800,2.62,2.642,2.642,2.637,5439.05,CAKE-USD
1758578400,2.635,2.643,2.635,2.643,1690.32,CAKE-USD
1758582000,2.637,2.647,2.637,2.641,1635.94,CAKE-USD
1758585600,2.63,2.648,2.647,2.63,1544.29,CAKE-USD
1758589200,2.616,2.638,2.626,2.619,1126.7,CAKE-USD
1758592800,2.592,2.627,2.622,2.592,4262.28,CAKE-USD
1758596400,2.59,2.657,2.59,2.636,5839.42,CAKE-USD
1758600000,2.62,2.629,2.629,2.628,280.98,CAKE-USD
1758603600,2.622,2.659,2.622,2.659,3888.59,CAKE-USD
1758607200,2.663,2.69,2.663,2.678,1455.5,CAKE-USD
1758610800,2.683,2.714,2.683,2.705,13350.69,CAKE-USD
1758614400,2.696,2.711,2.71,2.699,1206.05,CAKE-USD
1758618000,2.686,2.721,2.713,2.691,2438.59,CAKE-USD
1758621600,2.708,2.712,2.708,2.712,209.13,CAKE-USD
1758625200,2.698,2.73,2.698,2.728,789.72,CAKE-USD
1758628800,2.734,2.784,2.734,2.758,5690.14,CAKE-USD
1758632400,2.753,2.782,2.761,2.766,1557.51,CAKE-USD
1758636000,2.72,2.776,2.767,2.724,4905.71,CAKE-USD
1758639600,2.739,2.784,2.739,2.758,7923.83,CAKE-USD
1758643200,2.754,2.818,2.754,2.814,7563.54,CAKE-USD
1758646800,2.721,2.812,2.805,2.735,71411.79,CAKE-USD
1758650400,2.741,2.787,2.742,2.781,9852.58,CAKE-USD
1758654000,2.727,2.793,2.787,2.751,17577.55,CAKE-USD
1758657600,2.738,2.756,2.755,2.756,894.13,CAKE-USD
1758661200,2.745,2.775,2.747,2.768,2242.98,CAKE-USD
1758664800,2.748,2.769,2.762,2.761,265.09,CAKE-USD
1758668400,2.76,2.807,2.76,2.778,5405.07,CAKE-USD
1758672000,2.776,2.829,2.778,2.826,50691.56,CAKE-USD
1758675600,2.816,2.853,2.828,2.826,6327.76,CAKE-USD
1758679200,2.796,2.827,2.825,2.797,3611.72,CAKE-USD
1758682800,2.755,2.818,2.813,2.755,7573.62,CAKE-USD
1758686400,2.728,2.799,2.747,2.792,3826.25,CAKE-USD
1758690000,2.801,2.841,2.801,2.822,23388.78,CAKE-USD
1758693600,2.795,2.824,2.814,2.812,4686.35,CAKE-USD
1758697200,2.812,2.842,2.812,2.827,1112.68,CAKE-USD
1758700800,2.819,2.84,2.825,2.819,3730.65,CAKE-USD
1758704400,2.819,2.863,2.819,2.86,1284.27,CAKE-USD
1758708000,2.794,2.852,2.852,2.809,13954.93,CAKE-USD
1758711600,2.77,2.815,2.815,2.806,6903.39,CAKE-USD
1758715200,2.788,2.799,2.799,2.797,31908.68,CAKE-USD
1758718800,2.776,2.8,2.8,2.776,16778.28,CAKE-USD
1758722400,2.78,2.825,2.78,2.817,8415.49,CAKE-USD
1758726000,2.777,2.814,2.809,2.777,5605.23,CAKE-USD
1758729600,2.774,2.815,2.777,2.808,21028.83,CAKE-USD
1758733200,2.776,2.812,2.803,2.793,57880.11,CAKE-USD
1758736800,2.795,2.799,2.796,2.795,677.71,CAKE-USD
1758740400,2.794,2.808,2.794,2.801,610.08,CAKE-USD
1758744000,2.788,2.802,2.796,2.798,2974.09,CAKE-USD
1758747600,2.779,2.804,2.796,2.779,3684.5,CAKE-USD
1758751200,2.781,2.798,2.781,2.791,2050.61,CAKE-USD
1758754800,2.773,2.796,2.791,2.784,2222.38,CAKE-USD
1758758400,2.768,2.784,2.782,2.784,2161.95,CAKE-USD
1758762000,2.743,2.78,2.78,2.75,3073.75,CAKE-USD
1758765600,2.744,2.775,2.758,2.75,696.66,CAKE-USD
1758769200,2.716,2.749,2.749,2.72,4608.98,CAKE-USD
1758772800,2.695,2.717,2.715,2.703,3752.27,CAKE-USD
1758776400,2.7,2.717,2.702,2.703,8508.44,CAKE-USD
1758780000,2.679,2.703,2.701,2.679,6173.96,CAKE-USD
1758783600,2.683,2.698,2.698,2.691,375.96,CAKE-USD
1758787200,2.675,2.695,2.695,2.682,1224.73,CAKE-USD
1758790800,2.669,2.696,2.694,2.677,1988.38,CAKE-USD
1758794400,2.666,2.681,2.681,2.666,3191.39,CAKE-USD
1758798000,2.641,2.672,2.672,2.641,2748.64,CAKE-USD
1758801600,2.636,2.691,2.637,2.67,9638.5,CAKE-USD
1758805200,2.666,2.706,2.666,2.702,2713.2,CAKE-USD
1758808800,2.703,2.74,2.717,2.703,1258.54,CAKE-USD
1758812400,2.688,2.705,2.705,2.688,781.51,CAKE-USD
1758816000,2.659,2.679,2.679,2.66,4865.42,CAKE-USD
1758819600,2.598,2.658,2.658,2.603,3211.87,CAKE-USD
1758823200,2.598,2.647,2.603,2.647,1928.31,CAKE-USD
1758826800,2.612,2.648,2.645,2.612,4796.51,CAKE-USD
1758830400,2.608,2.621,2.616,2.62,404.75,CAKE-USD
1758834000,2.59,2.622,2.622,2.613,3490.61,CAKE-USD
1758837600,2.596,2.62,2.616,2.596,10169.53,CAKE-USD
1758841200,2.575,2.612,2.598,2.589,1157.03,CAKE-USD
1758844800,2.587,2.62,2.588,2.617,1228.54,CAKE-USD
1758848400,2.611,2.627,2.619,2.621,873.21,CAKE-USD
1758852000,2.605,2.627,2.622,2.605,613.17,CAKE-USD
1758855600,2.61,2.622,2.61,2.622,252.2,CAKE-USD
1758859200,2.608,2.624,2.624,2.624,248.95,CAKE-USD
1758862800,2.606,2.607,2.606,2.607,32.71,CAKE-USD
1758866400,2.616,2.618,2.616,2.618,123.74,CAKE-USD
1758870000,2.618,2.629,2.618,2.628,234.37,CAKE-USD
1758873600,2.622,2.63,2.63,2.622,45.97,CAKE-USD
1758877200,2.6,2.618,2.618,2.6,122.69,CAKE-USD
1758880800,2.581,2.6,2.6,2.584,1711.27,CAKE-USD
1758884400,2.577,2.591,2.577,2.578,217.62,CAKE-USD
1758888000,2.524,2.577,2.577,2.562,30625.7,CAKE-USD
1758891600,2.54,2.58,2.558,2.58,15962.96,CAKE-USD
1758895200,2.545,2.58,2.579,2.557,3093.62,CAKE-USD
1758895200,2.545,2.58,2.579,2.557,3093.62,CAKE-USD
1758898800,2.554,2.569,2.554,2.569,350.14,CAKE-USD
1758902400,2.571,2.605,2.571,2.605,401.29,CAKE-USD
1758906000,2.598,2.618,2.603,2.615,558.95,CAKE-USD
1758909600,2.599,2.625,2.619,2.599,908.49,CAKE-USD
1758913200,2.584,2.606,2.601,2.593,1068.12,CAKE-USD
1758916800,2.582,2.601,2.599,2.585,1831.26,CAKE-USD
1758920400,2.581,2.595,2.582,2.59,705.79,CAKE-USD
1758924000,2.585,2.596,2.588,2.585,521.64,CAKE-USD
1758927600,2.585,2.606,2.585,2.606,109.46,CAKE-USD
1758931200,2.587,2.605,2.605,2.589,1155.7,CAKE-USD
1758934800,2.585,2.59,2.586,2.59,44.42,CAKE-USD
1758942000,2.595,2.595,2.595,2.595,21.78,CAKE-USD
1758945600,2.594,2.606,2.594,2.606,70.7,CAKE-USD
1758949200,2.605,2.606,2.606,2.605,27.3,CAKE-USD
1758952800,2.594,2.601,2.6,2.6,923.31,CAKE-USD
1758956400,2.592,2.605,2.605,2.592,4.56,CAKE-USD
1758960000,2.58,2.596,2.596,2.58,0.4,CAKE-USD
1758963600,2.585,2.6,2.585,2.6,1344.07,CAKE-USD
1758967200,2.6,2.615,2.6,2.615,2850.4,CAKE-USD
1758970800,2.591,2.626,2.614,2.591,3965.25,CAKE-USD
1758974400,2.59,2.597,2.59,2.597,399.22,CAKE-USD
1758978000,2.597,2.616,2.597,2.616,441.42,CAKE-USD
1758981600,2.616,2.64,2.62,2.616,11815.67,CAKE-USD
1758985200,2.608,2.628,2.611,2.628,481.79,CAKE-USD
1758988800,2.615,2.632,2.628,2.615,81.18,CAKE-USD
1758992400,2.592,2.615,2.615,2.608,1806.18,CAKE-USD
1758996000,2.599,2.607,2.607,2.603,16.23,CAKE-USD
1758999600,2.596,2.607,2.596,2.603,779.5,CAKE-USD
1759003200,2.596,2.605,2.603,2.598,7625.77,CAKE-USD
1759006800,2.606,2.616,2.606,2.616,160.53,CAKE-USD
1759010400,2.601,2.62,2.62,2.601,2212.41,CAKE-USD
1759014000,2.598,2.603,2.602,2.603,380.75,CAKE-USD
1759017600,2.588,2.603,2.599,2.588,922.86,CAKE-USD
1759021200,2.565,2.588,2.588,2.569,1316.67,CAKE-USD
1759024800,2.567,2.588,2.569,2.588,274.5,CAKE-USD
1759028400,2.575,2.588,2.587,2.581,119.52,CAKE-USD
1759032000,2.577,2.586,2.579,2.583,286.1,CAKE-USD
1759035600,2.578,2.585,2.579,2.584,252.79,CAKE-USD
1759039200,2.561,2.584,2.584,2.569,6599.42,CAKE-USD
1759042800,2.555,2.569,2.566,2.567,486.22,CAKE-USD
1759046400,2.554,2.567,2.567,2.558,576.64,CAKE-USD
1759050000,2.547,2.556,2.556,2.551,898.25,CAKE-USD
1759053600,2.549,2.571,2.551,2.569,274.33,CAKE-USD
1759057200,2.545,2.567,2.567,2.55,1195.19,CAKE-USD
1759060800,2.536,2.544,2.537,2.544,1008.01,CAKE-USD
1759064400,2.545,2.576,2.545,2.571,612.57,CAKE-USD
1759068000,2.574,2.581,2.574,2.581,14.02,CAKE-USD
1759071600,2.567,2.582,2.567,2.582,45.35,CAKE-USD
1759075200,2.577,2.583,2.582,2.577,22.62,CAKE-USD
1759078800,2.576,2.584,2.58,2.58,587.69,CAKE-USD
1759082400,2.573,2.58,2.58,2.578,46.25,CAKE-USD
1759086000,2.578,2.578,2.578,2.578,24.8,CAKE-USD
1759089600,2.579,2.593,2.58,2.593,170.31,CAKE-USD
1759093200,2.577,2.594,2.594,2.594,227.68,CAKE-USD
1759096800,2.593,2.619,2.596,2.618,1920.52,CAKE-USD
1759100400,2.614,2.642,2.619,2.641,1291.42,CAKE-USD
1759104000,2.635,2.658,2.641,2.636,3398.7,CAKE-USD
1759107600,2.637,2.665,2.64,2.637,1237.73,CAKE-USD
1759111200,2.635,2.649,2.636,2.645,495.41,CAKE-USD
1759114800,2.645,2.672,2.645,2.67,811.14,CAKE-USD
1759118400,2.659,2.675,2.673,2.674,499.16,CAKE-USD
1759122000,2.638,2.678,2.676,2.64,5666.17,CAKE-USD
1759125600,2.636,2.64,2.639,2.636,401.19,CAKE-USD
1759129200,2.634,2.645,2.636,2.639,3403.35,CAKE-USD
1759132800,2.628,2.638,2.63,2.638,319.01,CAKE-USD
1759140000,2.616,2.636,2.636,2.616,4.56,CAKE-USD
1759143600,2.597,2.601,2.601,2.597,305.08,CAKE-USD
1759147200,2.559,2.597,2.597,2.559,2151.43,CAKE-USD
1759150800,2.548,2.594,2.566,2.588,2776.61,CAKE-USD
1759154400,2.59,2.614,2.593,2.611,10921.48,CAKE-USD
1759158000,2.578,2.616,2.61,2.581,4258.89,CAKE-USD
1759161600,2.554,2.589,2.589,2.56,2195.91,CAKE-USD
1759165200,2.557,2.576,2.56,2.575,1965.7,CAKE-USD
1759168800,2.569,2.58,2.569,2.58,405.37,CAKE-USD
1759172400,2.58,2.596,2.58,2.594,3039.74,CAKE-USD
1759176000,2.593,2.616,2.594,2.61,39144.65,CAKE-USD
1759179600,2.598,2.611,2.611,2.599,7578.52,CAKE-USD
1759183200,2.6,2.61,2.603,2.6,2370.75,CAKE-USD
1759186800,2.579,2.591,2.591,2.579,983.92,CAKE-USD
1759190400,2.576,2.581,2.577,2.581,814.52,CAKE-USD
1759194000,2.568,2.572,2.568,2.572,9.71,CAKE-USD
1759197600,2.562,2.574,2.571,2.562,156.31,CAKE-USD
1759201200,2.556,2.568,2.568,2.559,28.12,CAKE-USD
1759208400,2.539,2.554,2.55,2.551,21937.83,CAKE-USD
1759212000,2.546,2.553,2.552,2.546,993.02,CAKE-USD
1759215600,2.517,2.547,2.547,2.531,11458.48,CAKE-USD
1759219200,2.526,2.528,2.528,2.526,165.54,CAKE-USD
1759222800,2.507,2.519,2.516,2.507,90.46,CAKE-USD
1759230000,2.509,2.515,2.515,2.509,5.66,CAKE-USD
1759233600,2.5,2.509,2.509,2.508,271.71,CAKE-USD
1759237200,2.5,2.514,2.508,2.5,1601.24,CAKE-USD
1759240800,2.49,2.498,2.498,2.49,345.81,CAKE-USD
1759244400,2.48,2.49,2.49,2.487,5027.38,CAKE-USD
1759248000,2.482,2.489,2.483,2.482,244.66,CAKE-USD
1759255200,2.481,2.492,2.481,2.492,49.84,CAKE-USD
1759258800,2.513,2.517,2.513,2.517,128.83,CAKE-USD
1759262400,2.509,2.514,2.514,2.514,1123.68,CAKE-USD
1759266000,2.513,2.523,2.522,2.513,448.45,CAKE-USD
1759269600,2.495,2.513,2.513,2.495,644.86,CAKE-USD
1759273200,2.497,2.512,2.497,2.512,88.39,CAKE-USD
1759280400,2.509,2.527,2.51,2.52,299.31,CAKE-USD
1759284000,2.515,2.515,2.515,2.515,39.56,CAKE-USD
1759287600,2.507,2.519,2.519,2.511,11.78,CAKE-USD
1759291200,2.512,2.52,2.516,2.512,59.1,CAKE-USD
1759294800,2.512,2.512,2.512,2.512,56.54,CAKE-USD
1759302000,2.516,2.535,2.516,2.535,10.36,CAKE-USD
1759305600,2.546,2.576,2.546,2.576,112.27,CAKE-USD
1759309200,2.579,2.608,2.581,2.608,1595.68,CAKE-USD
1759312800,2.583,2.608,2.608,2.594,8996.16,CAKE-USD
1759316400,2.575,2.59,2.59,2.579,174.39,CAKE-USD
1759320000,2.563,2.582,2.582,2.563,264.38,CAKE-USD
1759323600,2.568,2.58,2.568,2.58,340.73,CAKE-USD
1759327200,2.576,2.586,2.579,2.578,3779.28,CAKE-USD
1759330800,2.575,2.576,2.576,2.575,5.85,CAKE-USD
1759334400,2.567,2.579,2.579,2.576,178.81,CAKE-USD
1759338000,2.571,2.581,2.571,2.581,121.86,CAKE-USD
1759341600,2.588,2.593,2.588,2.593,109.77,CAKE-USD
1759345200,2.584,2.596,2.596,2.588,514.08,CAKE-USD
1759348800,2.59,2.591,2.591,2.591,203.81,CAKE-USD
1759352400,2.561,2.581,2.58,2.571,10721.86,CAKE-USD
1759356000,2.565,2.576,2.567,2.571,1627.21,CAKE-USD
1759359600,2.577,2.593,2.577,2.593,292.99,CAKE-USD
1759363200,2.596,2.61,2.596,2.598,340.69,CAKE-USD
1759366800,2.603,2.636,2.603,2.626,111.55,CAKE-USD
1759370400,2.625,2.633,2.63,2.627,1039.44,CAKE-USD
1759374000,2.622,2.633,2.628,2.622,234.17,CAKE-USD
1759377600,2.615,2.625,2.625,2.621,1687.88,CAKE-USD
1759381200,2.622,2.632,2.622,2.632,4129.24,CAKE-USD
1759388400,2.621,2.632,2.632,2.621,389.2,CAKE-USD
1759392000,2.625,2.633,2.632,2.625,1293.58,CAKE-USD
1759395600,2.626,2.651,2.626,2.646,1923.65,CAKE-USD
1759399200,2.651,2.666,2.651,2.663,177.27,CAKE-USD
1759402800,2.653,2.67,2.653,2.666,23.02,CAKE-USD
1759406400,2.663,2.68,2.666,2.68,602.35,CAKE-USD
1759410000,2.648,2.669,2.664,2.659,1524.94,CAKE-USD
1759413600,2.634,2.659,2.659,2.634,354.5,CAKE-USD
1759417200,2.643,2.68,2.644,2.68,36913.99,CAKE-USD
1759420800,2.68,2.713,2.68,2.711,77364.47,CAKE-USD
1759424400,2.709,2.78,2.711,2.78,23335.59,CAKE-USD
1759428000,2.775,2.824,2.779,2.814,6826.69,CAKE-USD
1759431600,2.817,2.984,2.818,2.982,104636.78,CAKE-USD
1759435200,2.981,3.1,2.988,3.099,87466.24,CAKE-USD
1759438800,3.047,3.133,3.098,3.072,53969.87,CAKE-USD
1759442400,3.072,3.213,3.076,3.187,53528.8,CAKE-USD
1759446000,3.081,3.236,3.189,3.117,29672.92,CAKE-USD
1759449600,3.018,3.136,3.124,3.024,86597.85,CAKE-USD
1759453200,3.015,3.072,3.02,3.026,55006.27,CAKE-USD
1759456800,2.979,3.141,3.024,3.139,49360.22,CAKE-USD
1759460400,3.127,3.417,3.133,3.365,182654.26,CAKE-USD
1759464000,3.296,3.41,3.362,3.387,65854.99,CAKE-USD
1759467600,3.309,3.477,3.385,3.337,129804.2,CAKE-USD
1759471200,3.341,3.577,3.349,3.388,91504.85,CAKE-USD
1759474800,3.251,3.411,3.374,3.279,35400.76,CAKE-USD
1759478400,3.218,3.394,3.273,3.394,36837.11,CAKE-USD
1759482000,3.359,3.457,3.391,3.38,63586.55,CAKE-USD
1759485600,3.274,3.392,3.38,3.312,92397.96,CAKE-USD
1759489200,3.27,3.33,3.314,3.326,35781.87,CAKE-USD
1759492800,3.321,3.525,3.325,3.389,96833.53,CAKE-USD
1759496400,3.331,3.56,3.387,3.529,147896.45,CAKE-USD
1759500000,3.421,3.667,3.529,3.605,209417.75,CAKE-USD
1759503600,3.501,3.701,3.606,3.636,237294.06,CAKE-USD
1759507200,3.545,3.667,3.64,3.605,131982.48,CAKE-USD
1759510800,3.484,3.608,3.608,3.551,102729.93,CAKE-USD
1759514400,3.492,3.636,3.551,3.606,88603.19,CAKE-USD
1759518000,3.574,3.658,3.607,3.618,89253.01,CAKE-USD
1759521600,3.57,3.623,3.611,3.604,44220.3,CAKE-USD
1759525200,3.605,3.698,3.605,3.651,53662.88,CAKE-USD
1759528800,3.579,3.744,3.652,3.641,102031.91,CAKE-USD
1759532400,3.597,3.662,3.639,3.629,72300.7,CAKE-USD
1759536000,3.581,3.679,3.63,3.666,64835.39,CAKE-USD
1759539600,3.635,3.705,3.664,3.663,66755.49,CAKE-USD
1759543200,3.605,3.718,3.66,3.67,73231.05,CAKE-USD
1759546800,3.577,3.694,3.674,3.599,104218.56,CAKE-USD
1759550400,3.554,3.64,3.599,3.613,27834.51,CAKE-USD
1759554000,3.529,3.643,3.614,3.546,45059.33,CAKE-USD
1759557600,3.47,3.556,3.547,3.536,79948.71,CAKE-USD
1759561200,3.505,3.541,3.537,3.521,6858.1,CAKE-USD
1759564800,3.444,3.524,3.523,3.467,23633.21,CAKE-USD
1759568400,3.416,3.5,3.469,3.418,20647.22,CAKE-USD
1759572000,3.412,3.461,3.419,3.426,23665.88,CAKE-USD
1759575600,3.386,3.436,3.426,3.401,25825.3,CAKE-USD
1759579200,3.314,3.413,3.4,3.399,54386.33,CAKE-USD
1759582800,3.375,3.456,3.401,3.41,56469.24,CAKE-USD
1759586400,3.378,3.427,3.41,3.379,19304.2,CAKE-USD
1759590000,3.347,3.414,3.377,3.368,30286.17,CAKE-USD
1759593600,3.352,3.403,3.369,3.391,49743.82,CAKE-USD
1759597200,3.39,3.5,3.391,3.485,24336.1,CAKE-USD
1759600800,3.441,3.527,3.484,3.447,53265.15,CAKE-USD
1759604400,3.43,3.49,3.448,3.452,18392.29,CAKE-USD
1759608000,3.441,3.457,3.452,3.452,5295.39,CAKE-USD
1759611600,3.442,3.464,3.451,3.447,4491.77,CAKE-USD
1759615200,3.425,3.466,3.448,3.432,9625.49,CAKE-USD
1759618800,3.418,3.44,3.433,3.426,7143.79,CAKE-USD
1759622400,3.425,3.49,3.426,3.442,33200.17,CAKE-USD
1759626000,3.438,3.503,3.441,3.486,12919.93,CAKE-USD
1759629600,3.469,3.534,3.485,3.534,13945.84,CAKE-USD
1759633200,3.505,3.561,3.535,3.527,11618.43,CAKE-USD
1759636800,3.525,3.616,3.525,3.607,54534.11,CAKE-USD
1759640400,3.508,3.626,3.605,3.535,79665.72,CAKE-USD
1759644000,3.498,3.561,3.536,3.507,41429.57,CAKE-USD
1759647600,3.461,3.511,3.507,3.486,12707.47,CAKE-USD
1759651200,3.425,3.493,3.488,3.439,40008.6,CAKE-USD
1759654800,3.383,3.438,3.438,3.401,34702.52,CAKE-USD
1759658400,3.355,3.401,3.401,3.361,30157.82,CAKE-USD
1759662000,3.342,3.378,3.36,3.374,6952.53,CAKE-USD
1759665600,3.308,3.373,3.373,3.308,18891.71,CAKE-USD
1759669200,3.308,3.333,3.308,3.317,11698.05,CAKE-USD
1759672800,3.28,3.341,3.317,3.295,23389.5,CAKE-USD
1759676400,3.256,3.311,3.294,3.267,18021.76,CAKE-USD
1759680000,3.257,3.293,3.269,3.285,18942.18,CAKE-USD
1759683600,3.252,3.311,3.283,3.257,29424.57,CAKE-USD
1759687200,3.233,3.263,3.257,3.245,16253.26,CAKE-USD
1759690800,3.179,3.245,3.245,3.183,18852.34,CAKE-USD
1759694400,3.183,3.213,3.183,3.187,10880.84,CAKE-USD
1759698000,3.162,3.2,3.19,3.184,15362.73,CAKE-USD
1759701600,3.178,3.205,3.185,3.198,14387.38,CAKE-USD
1759705200,3.181,3.244,3.199,3.232,10324.66,CAKE-USD
1759708800,3.186,3.339,3.23,3.263,68745.42,CAKE-USD
1759712400,3.254,3.399,3.264,3.362,38295.06,CAKE-USD
1759716000,3.337,3.432,3.366,3.408,21747.51,CAKE-USD
1759719600,3.358,3.478,3.406,3.468,38048.26,CAKE-USD
1759723200,3.407,3.479,3.472,3.428,15910.78,CAKE-USD
1759726800,3.408,3.51,3.426,3.436,16485.18,CAKE-USD
1759730400,3.43,3.636,3.435,3.634,87098.7,CAKE-USD
1759734000,3.552,3.806,3.624,3.575,153984.42,CAKE-USD
1759737600,3.549,3.675,3.573,3.664,44568.36,CAKE-USD
1759741200,3.569,3.686,3.663,3.623,37769.5,CAKE-USD
1759744800,3.589,3.669,3.624,3.643,26208.97,CAKE-USD
1759748400,3.621,3.693,3.643,3.669,37013.01,CAKE-USD
1759752000,3.653,3.945,3.664,3.902,284936.82,CAKE-USD
1759755600,3.756,3.905,3.901,3.831,108242.31,CAKE-USD
1759759200,3.733,3.845,3.824,3.755,28392.81,CAKE-USD
1759762800,3.751,3.853,3.757,3.809,34184.81,CAKE-USD
1759766400,3.707,3.845,3.804,3.796,33748.88,CAKE-USD
1759770000,3.769,3.876,3.794,3.85,52457.68,CAKE-USD
1759773600,3.823,3.876,3.851,3.833,18498.0,CAKE-USD
1759777200,3.759,3.848,3.834,3.835,58060.73,CAKE-USD
1759780800,3.73,3.834,3.834,3.739,16792.22,CAKE-USD
1759784400,3.725,3.786,3.738,3.784,26613.58,CAKE-USD
1759788000,3.735,3.791,3.784,3.773,42709.53,CAKE-USD
1759791600,3.75,3.784,3.777,3.782,14682.97,CAKE-USD
1759795200,3.772,3.884,3.776,3.814,48025.44,CAKE-USD
1759795200,3.772,3.884,3.776,3.814,48025.44,CAKE-USD
1759798800,3.744,3.814,3.814,3.771,23869.43,CAKE-USD
1759802400,3.732,3.797,3.772,3.743,31102.0,CAKE-USD
1759806000,3.68,3.751,3.742,3.687,23248.87,CAKE-USD
1759809600,3.669,3.807,3.688,3.796,29416.46,CAKE-USD
1759813200,3.774,4.08,3.794,4.023,112436.68,CAKE-USD
1759816800,3.851,4.029,4.022,3.877,134914.39,CAKE-USD
1759820400,3.872,4.002,3.876,3.916,70800.12,CAKE-USD
1759824000,3.867,4.019,3.916,3.979,40698.76,CAKE-USD
1759827600,3.939,4.048,3.975,4.048,54301.5,CAKE-USD
1759831200,3.995,4.164,4.045,4.151,89418.21,CAKE-USD
1759834800,4.114,4.217,4.152,4.192,134681.6,CAKE-USD
1759838400,4.028,4.31,4.195,4.172,203731.39,CAKE-USD
1759842000,4.103,4.288,4.176,4.277,125781.64,CAKE-USD
1759845600,4.13,4.394,4.281,4.22,334960.59,CAKE-USD
1759849200,4.074,4.325,4.226,4.177,137091.33,CAKE-USD
1759852800,4.09,4.262,4.176,4.173,124980.24,CAKE-USD
1759856400,4.093,4.208,4.174,4.121,46641.25,CAKE-USD
1759860000,4.022,4.199,4.121,4.15,188803.02,CAKE-USD
1759863600,4.15,4.43,4.151,4.257,361222.06,CAKE-USD
1759867200,4.22,4.456,4.257,4.423,212231.2,CAKE-USD
1759870800,4.38,4.542,4.426,4.433,368523.71,CAKE-USD
1759874400,4.4,4.578,4.439,4.427,238669.41,CAKE-USD
1759878000,4.37,4.474,4.433,4.371,123749.52,CAKE-USD
1759881600,4.25,4.437,4.371,4.347,164082.06,CAKE-USD
1759885200,4.277,4.366,4.344,4.357,100148.99,CAKE-USD
1759888800,4.177,4.354,4.35,4.276,179173.75,CAKE-USD
1759892400,4.152,4.285,4.278,4.168,55750.46,CAKE-USD
1759896000,4.13,4.326,4.167,4.298,74501.09,CAKE-USD
1759899600,4.233,4.319,4.294,4.304,33528.01,CAKE-USD
1759903200,4.262,4.479,4.302,4.392,82664.61,CAKE-USD
1759906800,4.33,4.525,4.392,4.497,71326.32,CAKE-USD
1759910400,4.432,4.61,4.496,4.542,70420.54,CAKE-USD
1759914000,4.356,4.547,4.544,4.387,44239.1,CAKE-USD
1759917600,4.341,4.458,4.388,4.357,68677.63,CAKE-USD
1759921200,4.324,4.4,4.358,4.384,44767.37,CAKE-USD
1759924800,4.27,4.409,4.383,4.285,74801.83,CAKE-USD
1759928400,4.235,4.31,4.285,4.29,48756.0,CAKE-USD
1759932000,4.172,4.334,4.296,4.204,72810.39,CAKE-USD
1759935600,4.187,4.251,4.201,4.2,107048.67,CAKE-USD
1759939200,4.183,4.25,4.198,4.248,117567.15,CAKE-USD
1759942800,4.176,4.304,4.246,4.193,57992.94,CAKE-USD
1759946400,4.167,4.27,4.197,4.227,93047.86,CAKE-USD
1759950000,4.193,4.254,4.226,4.246,29598.88,CAKE-USD
1759953600,4.179,4.263,4.247,4.194,36371.5,CAKE-USD
1759957200,4.102,4.197,4.195,4.128,48088.29,CAKE-USD
1759960800,4.053,4.153,4.13,4.056,57818.51,CAKE-USD
1759964400,4.008,4.073,4.058,4.047,42791.29,CAKE-USD
1759968000,4.039,4.153,4.043,4.124,54763.89,CAKE-USD
1759971600,3.975,4.123,4.12,3.994,90232.53,CAKE-USD
1759975200,3.815,3.994,3.993,3.839,90713.48,CAKE-USD
1759978800,3.842,4.05,3.842,4.013,89536.07,CAKE-USD
1759982400,3.941,4.039,4.011,3.961,34832.63,CAKE-USD
1759986000,3.918,4.164,3.96,4.041,84395.66,CAKE-USD
1759989600,4.016,4.078,4.041,4.048,79470.22,CAKE-USD
1759993200,4.015,4.094,4.047,4.025,23529.2,CAKE-USD
1759996800,3.81,4.03,4.024,3.836,106427.17,CAKE-USD
1760000400,3.768,3.866,3.836,3.854,51843.34,CAKE-USD
1760004000,3.733,3.872,3.85,3.764,117751.77,CAKE-USD
1760007600,3.764,3.863,3.766,3.819,142834.27,CAKE-USD
1760011200,3.799,3.899,3.82,3.869,48903.13,CAKE-USD
1760014800,3.69,3.87,3.87,3.691,328328.74,CAKE-USD
1760018400,3.634,3.727,3.692,3.695,177004.11,CAKE-USD
1760022000,3.647,3.722,3.698,3.673,53146.11,CAKE-USD
1760025600,3.656,3.718,3.675,3.677,30712.62,CAKE-USD
1760029200,3.678,3.799,3.678,3.799,59591.48,CAKE-USD
1760032800,3.693,3.795,3.795,3.699,41546.19,CAKE-USD
1760036400,3.698,3.755,3.698,3.723,24113.76,CAKE-USD
1760040000,3.716,3.747,3.724,3.737,15051.46,CAKE-USD
1760043600,3.727,3.757,3.736,3.732,17965.86,CAKE-USD
1760047200,3.723,3.763,3.73,3.742,28048.9,CAKE-USD
1760050800,3.712,3.746,3.743,3.741,10141.74,CAKE-USD
1760054400,3.716,3.787,3.74,3.717,25008.43,CAKE-USD
1760058000,3.673,3.742,3.716,3.7,21406.42,CAKE-USD
1760061600,3.66,3.72,3.701,3.66,43942.83,CAKE-USD
1760065200,3.588,3.683,3.661,3.642,97586.0,CAKE-USD
1760068800,3.644,3.72,3.644,3.682,40502.59,CAKE-USD
1760072400,3.65,3.702,3.682,3.693,6569.55,CAKE-USD
1760076000,3.687,3.732,3.692,3.696,27729.39,CAKE-USD
1760079600,3.664,3.714,3.695,3.678,15067.75,CAKE-USD
1760083200,3.67,3.746,3.679,3.735,39449.12,CAKE-USD
1760086800,3.664,3.747,3.735,3.67,24136.84,CAKE-USD
1760090400,3.668,3.691,3.668,3.681,10933.91,CAKE-USD
1760094000,3.678,3.727,3.681,3.701,29442.41,CAKE-USD
1760097600,3.66,3.723,3.702,3.668,28788.72,CAKE-USD
1760101200,3.609,3.691,3.666,3.614,69962.05,CAKE-USD
1760104800,3.513,3.638,3.617,3.513,77327.88,CAKE-USD
1760108400,3.319,3.523,3.512,3.35,169600.76,CAKE-USD
1760112000,3.342,3.475,3.35,3.412,106258.12,CAKE-USD
1760115600,3.374,3.425,3.416,3.406,44658.05,CAKE-USD
1760119200,3.362,3.429,3.405,3.364,33996.61,CAKE-USD
1760122800,3.299,3.412,3.365,3.386,95029.58,CAKE-USD
1760126400,3.183,3.4,3.386,3.222,50390.91,CAKE-USD
1760130000,1.49,3.265,3.224,2.926,492964.97,CAKE-USD
1760133600,2.72,3.397,2.927,2.832,169054.36,CAKE-USD
1760137200,2.719,2.948,2.832,2.855,104295.29,CAKE-USD
1760140800,2.729,2.877,2.84,2.843,57699.93,CAKE-USD
1760144400,2.737,2.83,2.83,2.794,21052.64,CAKE-USD
1760148000,2.785,3.007,2.785,2.984,34527.07,CAKE-USD
1760151600,2.894,2.99,2.984,2.908,8698.2,CAKE-USD
1760155200,2.888,2.934,2.909,2.918,24558.5,CAKE-USD
1760158800,2.833,2.919,2.917,2.841,22858.4,CAKE-USD
1760162400,2.834,2.904,2.841,2.859,20358.06,CAKE-USD
1760166000,2.822,2.874,2.863,2.83,25690.04,CAKE-USD
1760169600,2.804,2.878,2.832,2.864,21582.44,CAKE-USD
1760173200,2.834,2.914,2.858,2.842,12397.32,CAKE-USD
1760176800,2.833,2.872,2.844,2.851,17226.89,CAKE-USD
1760180400,2.81,2.847,2.841,2.832,9804.37,CAKE-USD
1760184000,2.781,2.839,2.824,2.806,13541.65,CAKE-USD
1760187600,2.739,2.799,2.798,2.789,48341.29,CAKE-USD
1760191200,2.739,2.789,2.789,2.757,15601.01,CAKE-USD
1760194800,2.754,2.812,2.759,2.769,12517.97,CAKE-USD
1760198400,2.744,2.789,2.77,2.789,34216.24,CAKE-USD
1760202000,2.77,2.834,2.771,2.83,6282.7,CAKE-USD
1760205600,2.799,2.844,2.833,2.805,14236.85,CAKE-USD
1760209200,2.666,2.805,2.8,2.69,15478.36,CAKE-USD
1760212800,2.603,2.7,2.69,2.614,40522.71,CAKE-USD
1760216400,2.565,2.679,2.614,2.665,48963.18,CAKE-USD
1760220000,2.65,2.685,2.668,2.672,17896.74,CAKE-USD
1760223600,2.647,2.672,2.668,2.65,9869.86,CAKE-USD
1760227200,2.603,2.665,2.648,2.605,9277.62,CAKE-USD
1760230800,2.582,2.623,2.606,2.586,13984.38,CAKE-USD
1760234400,2.572,2.624,2.584,2.584,15388.69,CAKE-USD
1760238000,2.575,2.64,2.581,2.62,23928.86,CAKE-USD
1760241600,2.629,2.752,2.632,2.733,27223.44,CAKE-USD
1760245200,2.723,2.798,2.731,2.765,30923.02,CAKE-USD
1760248800,2.762,2.851,2.765,2.851,12850.82,CAKE-USD
1760252400,2.801,2.857,2.852,2.801,9569.03,CAKE-USD
1760256000,2.8,2.883,2.806,2.83,67663.66,CAKE-USD
1760259600,2.777,2.963,2.824,2.955,30770.26,CAKE-USD
1760263200,2.926,3.085,2.95,3.085,93927.8,CAKE-USD
1760266800,3.072,3.223,3.084,3.217,145876.07,CAKE-USD
1760270400,3.149,3.317,3.211,3.205,139208.95,CAKE-USD
1760274000,3.087,3.316,3.209,3.108,175683.57,CAKE-USD
1760277600,3.093,3.292,3.107,3.222,78368.84,CAKE-USD
1760281200,3.204,3.376,3.216,3.356,108189.41,CAKE-USD
1760284800,3.264,3.397,3.349,3.305,67504.62,CAKE-USD
1760288400,3.28,3.333,3.299,3.299,35802.95,CAKE-USD
1760292000,3.273,3.461,3.297,3.447,73448.74,CAKE-USD
1760295600,3.41,3.493,3.443,3.421,54635.75,CAKE-USD
1760299200,3.387,3.482,3.422,3.416,24308.99,CAKE-USD
1760302800,3.312,3.411,3.411,3.369,53791.34,CAKE-USD
1760306400,3.319,3.386,3.372,3.376,40101.48,CAKE-USD
1760310000,3.345,3.44,3.376,3.419,73878.2,CAKE-USD
1760313600,3.366,3.47,3.418,3.433,71720.54,CAKE-USD
1760317200,3.393,3.47,3.428,3.428,89720.41,CAKE-USD
1760320800,3.333,3.444,3.425,3.375,56528.08,CAKE-USD
1760324400,3.344,3.429,3.382,3.345,32137.69,CAKE-USD
1760328000,3.287,3.344,3.344,3.323,23232.55,CAKE-USD
1760331600,3.272,3.354,3.318,3.308,14898.07,CAKE-USD
1760335200,3.303,3.439,3.309,3.395,14892.17,CAKE-USD
1760338800,3.399,3.571,3.399,3.488,51264.94,CAKE-USD
1760342400,3.46,3.555,3.49,3.524,63037.78,CAKE-USD
1760346000,3.447,3.523,3.523,3.486,18816.92,CAKE-USD
1760349600,3.413,3.506,3.486,3.433,37430.64,CAKE-USD
1760353200,3.287,3.436,3.433,3.357,24934.18,CAKE-USD
1760356800,3.319,3.446,3.357,3.388,52579.68,CAKE-USD
1760360400,3.37,3.523,3.382,3.486,67064.99,CAKE-USD
1760364000,3.34,3.508,3.485,3.368,51337.82,CAKE-USD
1760367600,3.37,3.43,3.37,3.407,15977.55,CAKE-USD
1760371200,3.39,3.515,3.406,3.49,38001.64,CAKE-USD
1760374800,3.46,3.542,3.488,3.537,12620.59,CAKE-USD
1760378400,3.468,3.539,3.539,3.478,8097.12,CAKE-USD
1760382000,3.47,3.516,3.481,3.504,4908.65,CAKE-USD
1760385600,3.496,3.547,3.504,3.546,20627.94,CAKE-USD
1760389200,3.524,3.659,3.545,3.643,48619.31,CAKE-USD
1760392800,3.607,3.701,3.642,3.678,59340.47,CAKE-USD
1760396400,3.614,3.69,3.678,3.648,10232.97,CAKE-USD
1760400000,3.634,3.89,3.649,3.775,186581.66,CAKE-USD
1760403600,3.655,3.768,3.768,3.683,81688.13,CAKE-USD
1760407200,3.631,3.782,3.684,3.698,69264.38,CAKE-USD
1760410800,3.664,3.733,3.7,3.69,32351.2,CAKE-USD
1760414400,3.542,3.724,3.686,3.548,68077.96,CAKE-USD
1760418000,3.454,3.572,3.547,3.473,45486.29,CAKE-USD
1760421600,3.316,3.498,3.473,3.406,56971.78,CAKE-USD
1760425200,3.336,3.458,3.409,3.358,30062.93,CAKE-USD
1760428800,3.336,3.421,3.359,3.397,19395.11,CAKE-USD
1760432400,3.398,3.457,3.398,3.41,10149.35,CAKE-USD
1760436000,3.283,3.409,3.409,3.384,24323.67,CAKE-USD
1760439600,3.374,3.498,3.385,3.384,54052.41,CAKE-USD
1760443200,3.244,3.388,3.388,3.264,139388.34,CAKE-USD
1760446800,3.266,3.405,3.266,3.374,60224.3,CAKE-USD
1760450400,3.339,3.44,3.375,3.347,21986.05,CAKE-USD
1760454000,3.301,3.453,3.348,3.441,18605.54,CAKE-USD
1760457600,3.42,3.603,3.44,3.471,61119.66,CAKE-USD
1760461200,3.41,3.503,3.469,3.482,22595.06,CAKE-USD
1760464800,3.474,3.573,3.485,3.538,33152.97,CAKE-USD
1760468400,3.431,3.596,3.539,3.47,48312.52,CAKE-USD
1760472000,3.445,3.514,3.471,3.509,11574.76,CAKE-USD
1760475600,3.48,3.552,3.508,3.515,28191.86,CAKE-USD
1760479200,3.463,3.537,3.515,3.481,19664.44,CAKE-USD
1760482800,3.482,3.552,3.482,3.511,8876.42,CAKE-USD
1760486400,3.457,3.512,3.512,3.482,15946.99,CAKE-USD
1760490000,3.438,3.484,3.483,3.458,11711.48,CAKE-USD
1760493600,3.453,3.516,3.457,3.473,5622.72,CAKE-USD
1760497200,3.391,3.48,3.474,3.4,21977.45,CAKE-USD
1760500800,3.363,3.423,3.401,3.423,17082.04,CAKE-USD
1760504400,3.375,3.444,3.424,3.414,11177.18,CAKE-USD
1760508000,3.368,3.452,3.417,3.452,6598.52,CAKE-USD
1760511600,3.404,3.453,3.451,3.445,14237.59,CAKE-USD
1760515200,3.428,3.526,3.443,3.45,38063.25,CAKE-USD
1760518800,3.288,3.452,3.449,3.308,33824.71,CAKE-USD
1760522400,3.236,3.356,3.312,3.239,49768.86,CAKE-USD
1760526000,3.18,3.419,3.244,3.22,192201.88,CAKE-USD
1760529600,3.175,3.255,3.218,3.221,70264.35,CAKE-USD
1760533200,3.174,3.249,3.22,3.226,34589.97,CAKE-USD
1760536800,3.122,3.271,3.227,3.146,77514.51,CAKE-USD
1760540400,3.093,3.151,3.144,3.121,34904.39,CAKE-USD
1760544000,3.103,3.172,3.121,3.151,11435.39,CAKE-USD
1760547600,3.083,3.157,3.151,3.132,42822.17,CAKE-USD
1760551200,3.075,3.132,3.132,3.099,14589.56,CAKE-USD
1760554800,3.047,3.1,3.1,3.057,17665.45,CAKE-USD
1760558400,2.994,3.066,3.057,3.013,28887.09,CAKE-USD
1760562000,3.006,3.053,3.014,3.012,7017.43,CAKE-USD
1760565600,3.0,3.055,3.015,3.014,15829.7,CAKE-USD
1760569200,3.014,3.049,3.014,3.025,1034.11,CAKE-USD
1760572800,3.021,3.102,3.024,3.053,26277.66,CAKE-USD
1760576400,3.051,3.125,3.052,3.112,30559.77,CAKE-USD
1760580000,3.094,3.137,3.112,3.117,10881.63,CAKE-USD
1760583600,3.094,3.128,3.118,3.101,7127.25,CAKE-USD
1760587200,3.072,3.126,3.101,3.101,6256.39,CAKE-USD
1760590800,3.085,3.122,3.1,3.097,6835.83,CAKE-USD
1760594400,3.087,3.117,3.096,3.104,5938.09,CAKE-USD
1760598000,3.038,3.103,3.103,3.041,6514.42,CAKE-USD
1760601600,3.027,3.046,3.042,3.037,1370.66,CAKE-USD
1760605200,2.954,3.09,3.036,3.071,18509.81,CAKE-USD
1760608800,3.072,3.124,3.072,3.097,2645.7,CAKE-USD
1760612400,3.069,3.108,3.097,3.1,12140.71,CAKE-USD
1760616000,3.095,3.117,3.099,3.113,12673.57,CAKE-USD
1760619600,3.095,3.139,3.114,3.103,28524.82,CAKE-USD
1760623200,3.037,3.124,3.102,3.077,9946.27,CAKE-USD
1760626800,2.893,3.078,3.076,2.906,106615.11,CAKE-USD
1760630400,2.869,3.034,2.905,3.026,36655.17,CAKE-USD
1760634000,2.947,3.025,3.025,2.952,6914.4,CAKE-USD
1760637600,2.913,2.95,2.95,2.936,12752.05,CAKE-USD
1760641200,2.85,2.943,2.937,2.924,132864.78,CAKE-USD
1760644800,2.872,2.941,2.923,2.882,46615.55,CAKE-USD
1760648400,2.877,2.938,2.884,2.919,3960.63,CAKE-USD
1760652000,2.891,2.924,2.918,2.891,9770.29,CAKE-USD
1760655600,2.884,2.91,2.89,2.898,5539.15,CAKE-USD
1760659200,2.899,2.935,2.9,2.931,3625.56,CAKE-USD
1760662800,2.93,2.96,2.931,2.937,2974.6,CAKE-USD
1760666400,2.908,2.941,2.939,2.941,4244.99,CAKE-USD
1760670000,2.937,2.951,2.942,2.944,1103.71,CAKE-USD
1760673600,2.926,2.943,2.943,2.93,785.74,CAKE-USD
1760677200,2.869,2.93,2.93,2.869,4463.92,CAKE-USD
1760680800,2.764,2.891,2.873,2.77,11847.43,CAKE-USD
1760684400,2.711,2.77,2.77,2.711,8423.71,CAKE-USD
1760688000,2.634,2.718,2.709,2.67,20795.79,CAKE-USD
1760691600,2.667,2.763,2.673,2.702,35626.55,CAKE-USD
1760695200,2.669,2.736,2.708,2.731,6063.57,CAKE-USD
1760695200,2.669,2.736,2.708,2.731,6063.57,CAKE-USD
1760698800,2.726,2.806,2.732,2.795,33127.64,CAKE-USD
1760702400,2.759,2.803,2.792,2.764,9508.79,CAKE-USD
1760706000,2.75,2.827,2.765,2.791,21454.85,CAKE-USD
1760709600,2.724,2.795,2.79,2.752,17296.15,CAKE-USD
1760713200,2.747,2.796,2.754,2.796,8253.32,CAKE-USD
1760716800,2.797,2.852,2.797,2.806,7484.16,CAKE-USD
1760720400,2.795,2.819,2.807,2.818,2258.93,CAKE-USD
1760724000,2.806,2.83,2.816,2.811,4255.28,CAKE-USD
1760727600,2.8,2.818,2.812,2.804,1754.81,CAKE-USD
1760731200,2.798,2.86,2.803,2.837,99222.33,CAKE-USD
1760734800,2.839,2.917,2.839,2.878,109220.05,CAKE-USD
1760738400,2.842,2.905,2.882,2.853,8246.07,CAKE-USD
1760742000,2.83,2.852,2.852,2.845,7838.76,CAKE-USD
1760745600,2.834,2.882,2.842,2.861,11907.73,CAKE-USD
1760749200,2.862,2.946,2.862,2.936,21953.26,CAKE-USD
1760752800,2.872,2.94,2.935,2.875,9679.82,CAKE-USD
1760756400,2.87,2.893,2.877,2.883,5333.57,CAKE-USD
1760760000,2.86,2.882,2.882,2.867,1148.85,CAKE-USD
1760763600,2.827,2.87,2.868,2.852,6279.66,CAKE-USD
1760767200,2.852,2.923,2.854,2.907,16478.55,CAKE-USD
1760770800,2.904,3.006,2.906,2.946,16252.97,CAKE-USD
1760774400,2.91,2.979,2.947,2.915,5524.73,CAKE-USD
1760778000,2.9,2.935,2.913,2.916,10271.83,CAKE-USD
1760781600,2.9,2.932,2.916,2.904,7669.46,CAKE-USD
1760785200,2.887,2.915,2.901,2.913,12539.13,CAKE-USD
1760788800,2.886,2.916,2.911,2.909,6852.29,CAKE-USD
1760792400,2.842,2.908,2.908,2.865,5192.2,CAKE-USD
1760796000,2.85,2.894,2.866,2.886,8764.83,CAKE-USD
1760799600,2.859,2.892,2.885,2.874,2601.43,CAKE-USD
1760803200,2.831,2.878,2.874,2.843,2931.9,CAKE-USD
1760806800,2.843,2.883,2.843,2.881,5153.44,CAKE-USD
1760810400,2.866,2.886,2.885,2.875,1127.07,CAKE-USD
1760814000,2.87,2.911,2.872,2.898,1651.53,CAKE-USD
1760817600,2.885,2.903,2.897,2.885,970.25,CAKE-USD
1760821200,2.865,2.887,2.884,2.883,5406.81,CAKE-USD
1760824800,2.867,2.891,2.882,2.869,61306.36,CAKE-USD
1760828400,2.869,2.876,2.869,2.876,1654.83,CAKE-USD
1760832000,2.841,2.88,2.876,2.85,5500.17,CAKE-USD
1760835600,2.846,2.87,2.851,2.862,737.86,CAKE-USD
1760839200,2.845,2.863,2.861,2.848,920.48,CAKE-USD
1760842800,2.847,2.898,2.849,2.892,2694.3,CAKE-USD
1760846400,2.849,2.895,2.893,2.869,31498.26,CAKE-USD
1760850000,2.86,2.896,2.869,2.864,13793.25,CAKE-USD
1760853600,2.844,2.872,2.865,2.854,2494.99,CAKE-USD
1760857200,2.846,2.863,2.855,2.86,14986.65,CAKE-USD
1760860800,2.817,2.882,2.862,2.828,10874.17,CAKE-USD
1760864400,2.796,2.887,2.827,2.879,1989.14,CAKE-USD
1760868000,2.868,2.946,2.88,2.921,2488.43,CAKE-USD
1760871600,2.917,2.959,2.922,2.924,3463.02,CAKE-USD
1760875200,2.892,2.93,2.925,2.91,2092.72,CAKE-USD
1760878800,2.898,2.963,2.911,2.953,3131.16,CAKE-USD
1760882400,2.933,2.964,2.952,2.957,19913.15,CAKE-USD
1760886000,2.942,2.958,2.956,2.948,1613.77,CAKE-USD
1760889600,2.932,2.958,2.946,2.952,3325.21,CAKE-USD
1760893200,2.95,2.979,2.952,2.954,7272.44,CAKE-USD
1760896800,2.947,2.965,2.951,2.957,3947.12,CAKE-USD
1760900400,2.937,2.959,2.956,2.942,1289.14,CAKE-USD
1760904000,2.935,2.947,2.942,2.945,570.93,CAKE-USD
1760907600,2.923,2.941,2.941,2.929,376.17,CAKE-USD
1760911200,2.925,2.945,2.929,2.931,20374.49,CAKE-USD
1760914800,2.897,2.93,2.93,2.897,8624.6,CAKE-USD
1760918400,2.842,2.895,2.895,2.863,14248.68,CAKE-USD
1760922000,2.852,2.872,2.863,2.853,3864.54,CAKE-USD
1760925600,2.841,2.888,2.852,2.877,3801.25,CAKE-USD
1760929200,2.866,2.956,2.876,2.956,6456.61,CAKE-USD
1760932800,2.911,2.96,2.957,2.915,6122.78,CAKE-USD
1760936400,2.897,2.933,2.915,2.919,3357.16,CAKE-USD
1760940000,2.916,2.962,2.918,2.948,8248.31,CAKE-USD
1760943600,2.907,2.948,2.947,2.907,499.2,CAKE-USD
1760947200,2.904,2.918,2.91,2.91,1368.43,CAKE-USD
1760950800,2.897,2.907,2.907,2.907,338.68,CAKE-USD
1760954400,2.914,3.044,2.914,3.001,46227.74,CAKE-USD
1760958000,2.979,3.043,2.997,3.011,28371.79,CAKE-USD
1760961600,2.984,3.01,3.01,2.991,2233.42,CAKE-USD
1760965200,2.966,3.001,2.991,2.992,9232.44,CAKE-USD
1760968800,2.935,2.99,2.99,2.973,18709.07,CAKE-USD
1760972400,2.951,2.985,2.972,2.954,3047.78,CAKE-USD
1760976000,2.857,2.941,2.941,2.876,7447.78,CAKE-USD
1760979600,2.849,2.895,2.879,2.868,2713.63,CAKE-USD
1760983200,2.857,2.885,2.867,2.881,1815.52,CAKE-USD
1760986800,2.876,2.917,2.881,2.909,3260.02,CAKE-USD
1760990400,2.898,2.915,2.908,2.915,1620.94,CAKE-USD
1760994000,2.895,2.917,2.917,2.896,457.54,CAKE-USD
1760997600,2.893,2.925,2.896,2.914,5170.1,CAKE-USD
1761001200,2.907,2.914,2.914,2.907,339.51,CAKE-USD
1761004800,2.897,2.909,2.906,2.897,602.13,CAKE-USD
1761008400,2.849,2.897,2.897,2.859,7172.16,CAKE-USD
1761012000,2.813,2.859,2.859,2.818,7284.98,CAKE-USD
1761015600,2.787,2.822,2.819,2.797,125004.77,CAKE-USD
1761019200,2.693,2.798,2.796,2.718,26861.22,CAKE-USD
1761022800,2.716,2.749,2.719,2.739,8456.22,CAKE-USD
1761026400,2.723,2.757,2.74,2.748,17881.14,CAKE-USD
1761030000,2.725,2.754,2.747,2.738,3390.33,CAKE-USD
1761033600,2.673,2.737,2.737,2.687,8019.44,CAKE-USD
1761037200,2.682,2.695,2.688,2.688,3497.39,CAKE-USD
1761040800,2.671,2.703,2.687,2.692,2852.93,CAKE-USD
1761044400,2.682,2.695,2.692,2.692,1403.03,CAKE-USD
1761048000,2.687,2.738,2.691,2.706,14584.69,CAKE-USD
1761051600,2.688,2.715,2.707,2.696,3299.27,CAKE-USD
1761055200,2.697,2.924,2.697,2.917,49800.85,CAKE-USD
1761058800,2.874,2.951,2.914,2.93,15937.66,CAKE-USD
1761062400,2.879,2.939,2.931,2.89,7985.39,CAKE-USD
1761066000,2.816,2.894,2.889,2.852,56940.7,CAKE-USD
1761069600,2.823,2.859,2.851,2.846,7977.24,CAKE-USD
1761073200,2.839,2.86,2.845,2.854,2333.39,CAKE-USD
1761076800,2.804,2.857,2.856,2.804,7161.77,CAKE-USD
1761080400,2.763,2.811,2.803,2.798,4620.54,CAKE-USD
1761084000,2.728,2.794,2.794,2.736,3688.91,CAKE-USD
1761087600,2.697,2.747,2.735,2.7,8917.92,CAKE-USD
1761091200,2.695,2.729,2.702,2.71,965.59,CAKE-USD
1761094800,2.698,2.717,2.709,2.716,1576.2,CAKE-USD
1761098400,2.717,2.752,2.717,2.748,9058.04,CAKE-USD
1761102000,2.728,2.747,2.747,2.744,4185.03,CAKE-USD
1761105600,2.744,2.762,2.744,2.758,11077.79,CAKE-USD
1761109200,2.722,2.757,2.757,2.741,2003.4,CAKE-USD
1761112800,2.737,2.757,2.74,2.748,2053.69,CAKE-USD
1761116400,2.729,2.766,2.747,2.766,673.18,CAKE-USD
1761120000,2.746,2.765,2.765,2.758,1408.86,CAKE-USD
1761123600,2.7,2.763,2.762,2.7,5195.15,CAKE-USD
1761127200,2.683,2.709,2.702,2.691,6151.55,CAKE-USD
1761130800,2.667,2.732,2.693,2.713,7516.07,CAKE-USD
1761134400,2.7,2.742,2.71,2.741,4438.04,CAKE-USD
1761138000,2.73,2.806,2.74,2.802,43413.74,CAKE-USD
1761141600,2.728,2.799,2.799,2.79,21468.71,CAKE-USD
1761145200,2.748,2.812,2.791,2.799,36448.27,CAKE-USD
1761148800,2.768,2.822,2.8,2.773,2456.21,CAKE-USD
1761152400,2.704,2.793,2.772,2.728,11462.33,CAKE-USD
1761156000,2.705,2.731,2.727,2.718,2429.1,CAKE-USD
1761159600,2.701,2.748,2.719,2.718,2817.53,CAKE-USD
1761163200,2.669,2.72,2.717,2.685,48848.15,CAKE-USD
1761166800,2.603,2.683,2.683,2.609,17319.09,CAKE-USD
1761170400,2.608,2.634,2.61,2.623,9806.54,CAKE-USD
1761174000,2.625,2.738,2.625,2.714,50854.25,CAKE-USD
1761177600,2.695,2.72,2.713,2.705,14119.73,CAKE-USD
1761181200,2.705,2.74,2.705,2.724,15489.55,CAKE-USD
1761184800,2.719,2.736,2.725,2.734,10968.15,CAKE-USD
1761188400,2.732,2.755,2.735,2.742,20643.33,CAKE-USD
1761192000,2.737,2.751,2.743,2.74,7610.99,CAKE-USD
1761195600,2.735,2.761,2.744,2.761,2259.6,CAKE-USD
1761199200,2.762,2.805,2.762,2.787,8323.18,CAKE-USD
1761202800,2.759,2.788,2.787,2.768,16539.56,CAKE-USD
1761206400,2.769,2.789,2.769,2.776,12452.69,CAKE-USD
1761210000,2.746,2.776,2.775,2.753,20450.78,CAKE-USD
1761213600,2.726,2.76,2.754,2.726,14532.87,CAKE-USD
1761217200,2.687,2.73,2.726,2.692,26043.67,CAKE-USD
1761220800,2.675,2.71,2.691,2.706,16310.06,CAKE-USD
1761224400,2.697,2.726,2.707,2.712,7356.9,CAKE-USD
1761228000,2.67,2.708,2.708,2.697,19698.04,CAKE-USD
1761231600,2.689,2.851,2.696,2.785,152428.52,CAKE-USD
1761235200,2.758,2.797,2.786,2.773,65700.45,CAKE-USD
1761238800,2.744,2.796,2.774,2.779,21138.16,CAKE-USD
1761242400,2.732,2.779,2.779,2.736,8999.08,CAKE-USD
1761246000,2.722,2.744,2.735,2.74,4058.15,CAKE-USD
1761249600,2.72,2.746,2.739,2.72,8454.08,CAKE-USD
1761253200,2.722,2.737,2.722,2.731,7526.31,CAKE-USD
1761256800,2.725,2.743,2.732,2.735,492.8,CAKE-USD
1761260400,2.738,2.763,2.738,2.753,9234.09,CAKE-USD
1761264000,2.747,2.769,2.752,2.754,2587.25,CAKE-USD
1761267600,2.734,2.766,2.759,2.74,1980.13,CAKE-USD
1761271200,2.729,2.75,2.739,2.738,13342.67,CAKE-USD
1761274800,2.73,2.742,2.737,2.735,10558.88,CAKE-USD
1761278400,2.732,2.783,2.734,2.775,2527.12,CAKE-USD
1761282000,2.755,2.774,2.774,2.76,3333.36,CAKE-USD
1761285600,2.75,2.764,2.76,2.756,4449.34,CAKE-USD
1761289200,2.723,2.756,2.755,2.723,2504.28,CAKE-USD
1761292800,2.706,2.73,2.723,2.717,3330.91,CAKE-USD
1761296400,2.677,2.727,2.716,2.686,23037.65,CAKE-USD
1761300000,2.661,2.683,2.681,2.675,5406.9,CAKE-USD
1761303600,2.653,2.681,2.673,2.681,2621.14,CAKE-USD
1761307200,2.671,2.721,2.682,2.678,15943.7,CAKE-USD
1761310800,2.642,2.682,2.678,2.661,8625.97,CAKE-USD
1761314400,2.623,2.66,2.66,2.636,3941.57,CAKE-USD
1761318000,2.607,2.65,2.636,2.612,28889.09,CAKE-USD
1761321600,2.589,2.611,2.611,2.603,11261.89,CAKE-USD
1761325200,2.603,2.63,2.604,2.616,14428.51,CAKE-USD
1761328800,2.616,2.64,2.616,2.64,7402.03,CAKE-USD
1761332400,2.64,2.662,2.64,2.649,5649.6,CAKE-USD
1761336000,2.648,2.663,2.648,2.66,3983.74,CAKE-USD
1761339600,2.654,2.669,2.661,2.668,8511.06,CAKE-USD
1761343200,2.656,2.678,2.67,2.659,2497.53,CAKE-USD
1761346800,2.653,2.663,2.658,2.663,5352.23,CAKE-USD
1761350400,2.637,2.663,2.663,2.64,18603.89,CAKE-USD
1761354000,2.636,2.664,2.64,2.662,8378.77,CAKE-USD
1761357600,2.663,2.677,2.663,2.663,9411.01,CAKE-USD
1761361200,2.666,2.693,2.666,2.689,5005.83,CAKE-USD
1761364800,2.681,2.728,2.689,2.683,22413.46,CAKE-USD
1761368400,2.681,2.725,2.682,2.71,28425.76,CAKE-USD
1761372000,2.688,2.711,2.709,2.688,9578.33,CAKE-USD
1761375600,2.68,2.698,2.691,2.684,2053.07,CAKE-USD
1761379200,2.685,2.698,2.685,2.698,1758.22,CAKE-USD
1761382800,2.684,2.701,2.696,2.689,1098.08,CAKE-USD
1761386400,2.662,2.691,2.69,2.673,8462.32,CAKE-USD
1761390000,2.668,2.679,2.668,2.676,659.21,CAKE-USD
1761393600,2.669,2.681,2.676,2.675,7897.75,CAKE-USD
1761397200,2.661,2.675,2.674,2.669,9167.88,CAKE-USD
1761400800,2.669,2.674,2.672,2.669,3.37,CAKE-USD
1761404400,2.656,2.667,2.667,2.656,7.28,CAKE-USD
1761426000,2.692,2.705,2.692,2.705,1696.26,CAKE-USD
1761429600,2.692,2.718,2.703,2.715,4795.29,CAKE-USD
1761433200,2.702,2.72,2.714,2.704,8566.45,CAKE-USD
1761436800,2.693,2.711,2.704,2.699,9035.35,CAKE-USD
1761440400,2.699,2.714,2.702,2.706,1459.43,CAKE-USD
1761444000,2.693,2.709,2.704,2.696,2864.0,CAKE-USD
1761447600,2.68,2.697,2.695,2.681,3677.33,CAKE-USD
1761451200,2.682,2.695,2.684,2.693,7492.73,CAKE-USD
1761454800,2.686,2.696,2.688,2.696,3978.23,CAKE-USD
1761458400,2.689,2.698,2.692,2.694,4212.44,CAKE-USD
1761462000,2.691,2.701,2.693,2.698,3364.97,CAKE-USD
1761465600,2.694,2.712,2.698,2.707,2978.47,CAKE-USD
1761469200,2.699,2.742,2.706,2.722,10926.25,CAKE-USD
1761472800,2.714,2.731,2.721,2.726,3126.87,CAKE-USD
1761476400,2.723,2.775,2.724,2.774,6416.67,CAKE-USD
1761480000,2.771,2.806,2.772,2.796,37649.28,CAKE-USD
1761483600,2.783,2.825,2.797,2.81,13146.34,CAKE-USD
1761487200,2.786,2.809,2.809,2.789,3484.33,CAKE-USD
1761490800,2.782,2.795,2.788,2.788,4858.18,CAKE-USD
1761494400,2.762,2.79,2.79,2.762,11238.17,CAKE-USD
1761498000,2.758,2.782,2.761,2.78,5080.41,CAKE-USD
1761501600,2.782,2.793,2.782,2.784,10073.54,CAKE-USD
1761505200,2.777,2.791,2.784,2.788,2575.57,CAKE-USD
1761508800,2.771,2.788,2.788,2.783,2964.1,CAKE-USD
1761512400,2.775,2.792,2.781,2.792,12297.26,CAKE-USD
1761516000,2.792,2.851,2.792,2.846,12703.36,CAKE-USD
1761519600,2.808,2.85,2.847,2.812,5243.63,CAKE-USD
1761523200,2.811,2.838,2.813,2.814,3059.32,CAKE-USD
1761526800,2.81,2.851,2.817,2.842,2831.27,CAKE-USD
1761530400,2.833,2.87,2.841,2.836,4458.94,CAKE-USD
1761534000,2.816,2.835,2.835,2.817,5855.05,CAKE-USD
1761537600,2.799,2.826,2.816,2.821,2903.33,CAKE-USD
1761541200,2.806,2.833,2.822,2.806,1198.57,CAKE-USD
1761544800,2.792,2.821,2.805,2.81,3415.94,CAKE-USD
1761548400,2.781,2.82,2.812,2.791,2224.36,CAKE-USD
1761552000,2.753,2.799,2.794,2.753,2884.76,CAKE-USD
1761555600,2.735,2.753,2.752,2.751,1130.41,CAKE-USD
1761559200,2.744,2.754,2.75,2.75,707.78,CAKE-USD
1761562800,2.74,2.785,2.751,2.785,8147.04,CAKE-USD
1761566400,2.735,2.792,2.786,2.738,9348.51,CAKE-USD
1761570000,2.705,2.754,2.738,2.725,13922.41,CAKE-USD
1761573600,2.702,2.728,2.726,2.71,4023.97,CAKE-USD
1761577200,2.711,2.723,2.711,2.723,1763.47,CAKE-USD
1761580800,2.724,2.752,2.724,2.75,2234.99,CAKE-USD
1761584400,2.742,2.759,2.749,2.759,2219.71,CAKE-USD
1761588000,2.738,2.771,2.76,2.739,4559.67,CAKE-USD
1761591600,2.717,2.74,2.738,2.717,2147.62,CAKE-USD
1761595200,2.706,2.718,2.715,2.718,4632.6,CAKE-USD
1761595200,2.706,2.718,2.715,2.718,4632.6,CAKE-USD
1761598800,2.7,2.72,2.72,2.704,2931.18,CAKE-USD
1761602400,2.692,2.715,2.702,2.692,5909.15,CAKE-USD
1761606000,2.676,2.695,2.691,2.688,5247.57,CAKE-USD
1761609600,2.68,2.699,2.687,2.694,2668.49,CAKE-USD
1761613200,2.695,2.709,2.695,2.704,408.53,CAKE-USD
1761616800,2.667,2.703,2.703,2.678,3964.22,CAKE-USD
1761620400,2.67,2.687,2.679,2.68,814.17,CAKE-USD
1761624000,2.677,2.697,2.679,2.687,1518.5,CAKE-USD
1761627600,2.651,2.687,2.686,2.651,3961.62,CAKE-USD
1761631200,2.653,2.69,2.654,2.69,1551.07,CAKE-USD
1761634800,2.675,2.685,2.685,2.68,6413.32,CAKE-USD
1761638400,2.678,2.697,2.679,2.692,273.11,CAKE-USD
1761642000,2.687,2.706,2.689,2.706,4941.15,CAKE-USD
1761645600,2.686,2.704,2.704,2.687,16231.07,CAKE-USD
1761649200,2.68,2.7,2.687,2.685,1385.98,CAKE-USD
1761652800,2.68,2.706,2.686,2.706,1998.41,CAKE-USD
1761656400,2.704,2.725,2.706,2.722,7096.79,CAKE-USD
1761660000,2.666,2.741,2.718,2.688,24717.13,CAKE-USD
1761663600,2.668,2.7,2.689,2.676,4637.74,CAKE-USD
1761667200,2.675,2.702,2.681,2.695,2786.12,CAKE-USD
1761670800,2.687,2.706,2.696,2.69,1141.08,CAKE-USD
1761674400,2.681,2.7,2.689,2.684,1370.69,CAKE-USD
1761678000,2.637,2.688,2.688,2.644,12938.69,CAKE-USD
1761681600,2.58,2.642,2.642,2.592,15113.32,CAKE-USD
1761685200,2.57,2.611,2.595,2.605,9978.99,CAKE-USD
1761688800,2.594,2.623,2.599,2.613,1991.79,CAKE-USD
1761692400,2.599,2.618,2.614,2.611,2923.73,CAKE-USD
1761696000,2.599,2.621,2.62,2.599,4259.14,CAKE-USD
1761699600,2.597,2.62,2.601,2.61,871.96,CAKE-USD
1761703200,2.61,2.62,2.61,2.612,1320.47,CAKE-USD
1761706800,2.597,2.611,2.602,2.608,891.08,CAKE-USD
1761710400,2.607,2.614,2.608,2.608,377.65,CAKE-USD
1761714000,2.609,2.621,2.617,2.61,414.78,CAKE-USD
1761717600,2.607,2.622,2.608,2.618,469.63,CAKE-USD
1761721200,2.602,2.623,2.623,2.616,528.11,CAKE-USD
1761724800,2.597,2.612,2.61,2.602,1168.37,CAKE-USD
1761728400,2.6,2.603,2.601,2.601,310.06,CAKE-USD
1761732000,2.591,2.618,2.605,2.591,3390.31,CAKE-USD
1761735600,2.597,2.607,2.603,2.597,524.27,CAKE-USD
1761739200,2.581,2.601,2.601,2.595,5661.21,CAKE-USD
1761742800,2.56,2.597,2.597,2.561,3700.16,CAKE-USD
1761746400,2.539,2.561,2.561,2.551,3454.35,CAKE-USD
1761750000,2.51,2.548,2.543,2.518,2899.76,CAKE-USD
1761753600,2.514,2.546,2.515,2.527,10794.55,CAKE-USD
1761757200,2.53,2.57,2.541,2.567,8162.0,CAKE-USD
1761760800,2.491,2.585,2.564,2.561,31160.38,CAKE-USD
1761764400,2.545,2.585,2.552,2.568,2709.98,CAKE-USD
1761768000,2.555,2.591,2.571,2.591,226.74,CAKE-USD
1761771600,2.581,2.608,2.59,2.59,5137.08,CAKE-USD
1761775200,2.584,2.602,2.589,2.589,7131.17,CAKE-USD
1761778800,2.557,2.588,2.588,2.575,2520.86,CAKE-USD
1761782400,2.561,2.602,2.571,2.6,1216.7,CAKE-USD
1761786000,2.592,2.612,2.597,2.597,2161.19,CAKE-USD
1761789600,2.595,2.624,2.595,2.615,2633.7,CAKE-USD
1761793200,2.606,2.618,2.611,2.609,192.59,CAKE-USD
1761796800,2.528,2.609,2.609,2.549,8588.45,CAKE-USD
1761800400,2.547,2.59,2.553,2.586,7598.08,CAKE-USD
1761804000,2.575,2.601,2.583,2.589,25652.19,CAKE-USD
1761807600,2.59,2.602,2.597,2.59,10965.33,CAKE-USD
1761811200,2.573,2.594,2.589,2.573,3632.86,CAKE-USD
1761814800,2.558,2.575,2.564,2.573,2811.61,CAKE-USD
1761818400,2.557,2.598,2.573,2.557,10757.22,CAKE-USD
1761822000,2.519,2.57,2.558,2.524,39267.58,CAKE-USD
1761825600,2.44,2.531,2.528,2.455,11655.24,CAKE-USD
1761829200,2.409,2.464,2.449,2.409,11281.5,CAKE-USD
1761832800,2.408,2.43,2.422,2.418,7989.08,CAKE-USD
1761836400,2.387,2.42,2.42,2.392,8703.8,CAKE-USD
1761840000,2.376,2.401,2.388,2.391,11712.92,CAKE-USD
1761843600,2.327,2.384,2.384,2.355,15662.83,CAKE-USD
1761847200,2.344,2.358,2.352,2.346,1777.59,CAKE-USD
1761850800,2.327,2.348,2.345,2.33,5595.71,CAKE-USD
1761854400,2.317,2.363,2.327,2.363,16547.09,CAKE-USD
1761858000,2.355,2.373,2.36,2.371,24994.96,CAKE-USD
1761861600,2.361,2.381,2.368,2.376,10665.35,CAKE-USD
1761865200,2.37,2.402,2.374,2.402,4636.51,CAKE-USD
1761868800,2.398,2.418,2.399,2.416,3195.72,CAKE-USD
1761872400,2.414,2.432,2.416,2.419,1385.86,CAKE-USD
1761876000,2.403,2.416,2.416,2.406,721.09,CAKE-USD
1761879600,2.412,2.429,2.419,2.429,615.23,CAKE-USD
1761883200,2.433,2.45,2.434,2.447,1706.89,CAKE-USD
1761886800,2.435,2.452,2.447,2.441,1813.42,CAKE-USD
1761890400,2.427,2.446,2.438,2.427,1412.31,CAKE-USD
1761894000,2.422,2.429,2.428,2.427,815.29,CAKE-USD
1761897600,2.427,2.438,2.427,2.435,3820.85,CAKE-USD
1761901200,2.41,2.417,2.415,2.417,539.1,CAKE-USD
1761904800,2.405,2.42,2.416,2.407,1705.66,CAKE-USD
1761908400,2.401,2.43,2.403,2.428,6618.1,CAKE-USD
1761912000,2.411,2.435,2.427,2.412,5877.3,CAKE-USD
1761915600,2.406,2.426,2.417,2.423,4170.95,CAKE-USD
1761919200,2.407,2.443,2.424,2.429,12923.19,CAKE-USD
1761922800,2.384,2.431,2.431,2.384,27243.25,CAKE-USD
1761926400,2.324,2.393,2.386,2.324,13955.67,CAKE-USD
1761930000,2.307,2.346,2.321,2.34,4920.91,CAKE-USD
1761933600,2.331,2.369,2.343,2.347,3839.18,CAKE-USD
1761937200,2.342,2.422,2.344,2.418,10922.89,CAKE-USD
1761940800,2.397,2.415,2.411,2.398,4523.42,CAKE-USD
1761944400,2.396,2.405,2.399,2.398,3480.18,CAKE-USD
1761948000,2.398,2.407,2.398,2.402,664.3,CAKE-USD
1761951600,2.404,2.422,2.405,2.419,1360.14,CAKE-USD
1761955200,2.406,2.423,2.418,2.419,3548.69,CAKE-USD
1761958800,2.404,2.428,2.423,2.404,2601.72,CAKE-USD
1761962400,2.394,2.422,2.4,2.422,9366.9,CAKE-USD
1761966000,2.422,2.439,2.428,2.438,1130.15,CAKE-USD
1761969600,2.431,2.442,2.441,2.438,5546.15,CAKE-USD
1761973200,2.424,2.437,2.437,2.432,4368.98,CAKE-USD
1761976800,2.429,2.442,2.431,2.442,3743.98,CAKE-USD
1761980400,2.443,2.464,2.443,2.464,25605.54,CAKE-USD
1761984000,2.466,2.49,2.466,2.49,15063.95,CAKE-USD
1761987600,2.478,2.497,2.495,2.482,7061.13,CAKE-USD
1761991200,2.478,2.493,2.482,2.489,568.88,CAKE-USD
1761994800,2.478,2.487,2.478,2.487,752.94,CAKE-USD
1761998400,2.481,2.494,2.494,2.489,3168.42,CAKE-USD
1762002000,2.463,2.486,2.486,2.472,5911.47,CAKE-USD
1762005600,2.448,2.466,2.466,2.462,4842.73,CAKE-USD
1762009200,2.464,2.48,2.464,2.48,2604.65,CAKE-USD
1762012800,2.474,2.486,2.479,2.484,7009.81,CAKE-USD
1762016400,2.48,2.489,2.483,2.486,4943.11,CAKE-USD
1762020000,2.483,2.501,2.484,2.5,3200.67,CAKE-USD
1762023600,2.494,2.5,2.5,2.498,1292.11,CAKE-USD
1762027200,2.503,2.524,2.503,2.51,8757.72,CAKE-USD
1762030800,2.488,2.509,2.509,2.489,3014.15,CAKE-USD
1762034400,2.489,2.515,2.494,2.515,837.59,CAKE-USD
1762038000,2.51,2.521,2.512,2.521,1570.52,CAKE-USD
1762041600,2.501,2.517,2.517,2.507,5366.71,CAKE-USD
1762045200,2.503,2.515,2.508,2.51,1021.17,CAKE-USD
1762048800,2.504,2.514,2.509,2.512,836.56,CAKE-USD
1762052400,2.511,2.527,2.513,2.513,4546.37,CAKE-USD
1762056000,2.519,2.559,2.519,2.559,2721.29,CAKE-USD
1762059600,2.549,2.563,2.56,2.558,4146.62,CAKE-USD
1762063200,2.549,2.57,2.555,2.57,2813.24,CAKE-USD
1762066800,2.552,2.566,2.564,2.555,5435.67,CAKE-USD
1762070400,2.521,2.56,2.56,2.527,11163.66,CAKE-USD
1762074000,2.492,2.527,2.525,2.499,5538.48,CAKE-USD
1762077600,2.479,2.504,2.499,2.492,5216.0,CAKE-USD
1762081200,2.489,2.505,2.494,2.505,4494.6,CAKE-USD
1762084800,2.495,2.504,2.503,2.495,358.93,CAKE-USD
1762088400,2.481,2.498,2.496,2.481,4770.08,CAKE-USD
1762092000,2.461,2.484,2.482,2.468,6816.49,CAKE-USD
1762095600,2.465,2.479,2.469,2.465,1013.77,CAKE-USD
1762099200,2.428,2.48,2.464,2.478,28352.62,CAKE-USD
1762102800,2.467,2.478,2.477,2.467,2504.42,CAKE-USD
1762106400,2.458,2.467,2.463,2.458,612.84,CAKE-USD
1762110000,2.449,2.46,2.455,2.457,564.43,CAKE-USD
1762113600,2.458,2.47,2.458,2.47,278.95,CAKE-USD
1762117200,2.46,2.47,2.469,2.463,131.48,CAKE-USD
1762120800,2.458,2.47,2.462,2.47,3303.34,CAKE-USD
1762124400,2.474,2.495,2.475,2.495,2845.2,CAKE-USD
1762128000,2.467,2.499,2.497,2.469,2697.74,CAKE-USD
1762131600,2.434,2.47,2.468,2.434,7872.67,CAKE-USD
1762135200,2.402,2.433,2.432,2.412,6349.18,CAKE-USD
1762138800,2.361,2.411,2.411,2.363,6332.86,CAKE-USD
1762142400,2.339,2.367,2.353,2.367,1799.67,CAKE-USD
1762146000,2.346,2.377,2.375,2.349,1884.34,CAKE-USD
1762149600,2.32,2.358,2.355,2.337,2930.63,CAKE-USD
1762153200,2.339,2.356,2.34,2.34,1020.04,CAKE-USD
1762156800,2.322,2.346,2.335,2.346,5090.55,CAKE-USD
1762160400,2.32,2.354,2.353,2.323,2674.17,CAKE-USD
1762164000,2.287,2.33,2.321,2.303,5355.13,CAKE-USD
1762167600,2.301,2.318,2.309,2.314,4438.48,CAKE-USD
1762171200,2.319,2.333,2.319,2.319,10912.48,CAKE-USD
1762174800,2.302,2.331,2.318,2.33,4570.66,CAKE-USD
1762178400,2.317,2.336,2.328,2.321,1668.69,CAKE-USD
1762182000,2.122,2.32,2.317,2.175,23894.9,CAKE-USD
1762185600,2.17,2.232,2.174,2.219,5793.42,CAKE-USD
1762189200,2.214,2.263,2.215,2.247,5431.64,CAKE-USD
1762192800,2.23,2.268,2.248,2.233,38146.17,CAKE-USD
1762196400,2.223,2.241,2.232,2.232,3667.97,CAKE-USD
1762200000,2.188,2.228,2.228,2.201,6228.11,CAKE-USD
1762203600,2.19,2.229,2.2,2.228,12806.43,CAKE-USD
1762207200,2.206,2.229,2.229,2.214,7296.57,CAKE-USD
1762210800,2.197,2.228,2.199,2.226,10879.58,CAKE-USD
1762214400,2.205,2.264,2.224,2.249,19631.9,CAKE-USD
1762218000,2.246,2.263,2.248,2.253,2044.2,CAKE-USD
1762221600,2.242,2.26,2.248,2.244,3041.97,CAKE-USD
1762225200,2.243,2.266,2.244,2.264,23491.12,CAKE-USD
1762228800,2.243,2.27,2.27,2.245,4370.9,CAKE-USD
1762232400,2.15,2.244,2.244,2.154,22404.52,CAKE-USD
1762236000,2.159,2.213,2.159,2.178,5771.7,CAKE-USD
1762239600,2.149,2.173,2.169,2.165,5081.07,CAKE-USD
1762243200,2.162,2.203,2.163,2.195,8384.84,CAKE-USD
1762246800,2.185,2.21,2.199,2.21,4355.35,CAKE-USD
1762250400,2.196,2.217,2.209,2.197,3755.96,CAKE-USD
1762254000,2.203,2.227,2.203,2.208,7096.58,CAKE-USD
1762257600,2.183,2.21,2.21,2.188,1648.64,CAKE-USD
1762261200,2.167,2.189,2.188,2.176,23502.45,CAKE-USD
1762264800,2.164,2.236,2.175,2.236,11974.08,CAKE-USD
1762268400,2.198,2.229,2.228,2.206,7987.95,CAKE-USD
1762272000,2.145,2.211,2.205,2.145,10535.68,CAKE-USD
1762275600,2.101,2.181,2.143,2.153,34647.53,CAKE-USD
1762279200,2.1,2.188,2.146,2.188,5795.7,CAKE-USD
1762282800,2.152,2.195,2.186,2.152,16533.12,CAKE-USD
1762286400,2.056,2.17,2.151,2.141,28890.16,CAKE-USD
1762290000,2.06,2.148,2.134,2.14,15509.59,CAKE-USD
1762293600,2.138,2.189,2.138,2.172,8979.46,CAKE-USD
1762297200,2.168,2.184,2.172,2.177,5904.67,CAKE-USD
1762300800,2.142,2.175,2.173,2.149,7190.95,CAKE-USD
1762304400,2.088,2.15,2.149,2.15,6837.84,CAKE-USD
1762308000,2.16,2.249,2.16,2.241,6626.36,CAKE-USD
1762311600,2.222,2.243,2.233,2.232,2794.91,CAKE-USD
1762315200,2.222,2.246,2.232,2.222,4298.04,CAKE-USD
1762318800,2.22,2.237,2.227,2.22,5045.37,CAKE-USD
1762322400,2.233,2.25,2.236,2.249,2769.43,CAKE-USD
1762326000,2.233,2.27,2.242,2.265,2691.98,CAKE-USD
1762329600,2.221,2.267,2.266,2.239,4220.41,CAKE-USD
1762333200,2.235,2.249,2.244,2.235,999.0,CAKE-USD
1762336800,2.213,2.239,2.239,2.213,2785.75,CAKE-USD
1762340400,2.213,2.243,2.215,2.243,3546.04,CAKE-USD
1762344000,2.232,2.262,2.239,2.241,3519.33,CAKE-USD
1762347600,2.235,2.25,2.243,2.25,3160.3,CAKE-USD
1762351200,2.228,2.263,2.259,2.244,7325.95,CAKE-USD
1762354800,2.241,2.275,2.241,2.275,4361.83,CAKE-USD
1762358400,2.26,2.289,2.275,2.289,3626.2,CAKE-USD
1762362000,2.266,2.283,2.283,2.27,6959.0,CAKE-USD
1762365600,2.265,2.294,2.267,2.282,7488.51,CAKE-USD
1762369200,2.264,2.282,2.282,2.264,1983.56,CAKE-USD
1762372800,2.26,2.279,2.266,2.261,1050.18,CAKE-USD
1762376400,2.26,2.271,2.26,2.269,976.37,CAKE-USD
1762380000,2.261,2.278,2.262,2.274,1939.53,CAKE-USD
1762383600,2.264,2.275,2.269,2.265,3360.44,CAKE-USD
1762387200,2.251,2.274,2.258,2.251,527.88,CAKE-USD
1762390800,2.234,2.259,2.248,2.259,1931.06,CAKE-USD
1762394400,2.25,2.283,2.259,2.281,2529.48,CAKE-USD
1762398000,2.278,2.297,2.28,2.297,2469.24,CAKE-USD
1762401600,2.28,2.302,2.298,2.28,3034.2,CAKE-USD
1762405200,2.253,2.274,2.273,2.263,2111.71,CAKE-USD
1762408800,2.257,2.269,2.257,2.257,2039.31,CAKE-USD
1762412400,2.248,2.265,2.252,2.262,780.99,CAKE-USD
1762416000,2.25,2.264,2.262,2.254,2301.36,CAKE-USD
1762419600,2.255,2.268,2.268,2.255,509.43,CAKE-USD
1762423200,2.25,2.267,2.255,2.257,2505.18,CAKE-USD
1762426800,2.249,2.266,2.249,2.255,3859.5,CAKE-USD
1762430400,2.232,2.258,2.254,2.249,3845.24,CAKE-USD
1762434000,2.247,2.272,2.249,2.261,2100.66,CAKE-USD
1762437600,2.217,2.263,2.263,2.217,1819.34,CAKE-USD
1762441200,2.197,2.237,2.215,2.212,4733.11,CAKE-USD
1762444800,2.179,2.217,2.207,2.202,1756.34,CAKE-USD
1762448400,2.196,2.229,2.198,2.229,4175.31,CAKE-USD
1762452000,2.213,2.261,2.219,2.252,6283.52,CAKE-USD
1762455600,2.23,2.255,2.255,2.243,1439.55,CAKE-USD
1762459200,2.231,2.25,2.25,2.235,63.96,CAKE-USD
1762462800,2.235,2.263,2.235,2.261,4363.25,CAKE-USD
1762466400,2.244,2.264,2.262,2.26,3916.28,CAKE-USD
1762470000,2.243,2.264,2.261,2.263,1270.37,CAKE-USD
1762473600,2.253,2.288,2.264,2.284,2832.13,CAKE-USD
1762477200,2.259,2.291,2.281,2.279,4073.24,CAKE-USD
1762480800,2.266,2.292,2.281,2.292,1809.94,CAKE-USD
1762484400,2.292,2.319,2.297,2.303,3326.06,CAKE-USD
1762488000,2.285,2.304,2.304,2.302,3483.94,CAKE-USD
1762491600,2.301,2.315,2.301,2.315,2128.04,CAKE-USD
1762495200,2.298,2.312,2.312,2.306,641.91,CAKE-USD
1762495200,2.298,2.312,2.312,2.306,641.91,CAKE-USD
1762498800,2.291,2.314,2.305,2.307,4555.92,CAKE-USD
1762502400,2.288,2.313,2.309,2.288,2845.31,CAKE-USD
1762506000,2.262,2.301,2.297,2.272,4342.84,CAKE-USD
1762509600,2.246,2.28,2.28,2.253,11510.41,CAKE-USD
1762513200,2.222,2.251,2.25,2.245,5632.14,CAKE-USD
1762516800,2.206,2.245,2.245,2.229,4559.05,CAKE-USD
1762520400,2.222,2.237,2.235,2.222,4275.29,CAKE-USD
1762524000,2.2,2.267,2.227,2.254,3189.36,CAKE-USD
1762527600,2.265,2.293,2.265,2.29,3933.65,CAKE-USD
1762531200,2.283,2.413,2.29,2.394,36524.66,CAKE-USD
1762534800,2.388,2.476,2.399,2.476,24500.84,CAKE-USD
1762538400,2.464,2.508,2.477,2.473,26571.45,CAKE-USD
1762542000,2.463,2.481,2.473,2.469,8994.09,CAKE-USD
1762545600,2.467,2.505,2.471,2.5,8605.41,CAKE-USD
1762549200,2.494,2.537,2.498,2.537,10246.55,CAKE-USD
1762552800,2.506,2.53,2.524,2.514,8693.55,CAKE-USD
1762556400,2.479,2.515,2.513,2.491,11621.96,CAKE-USD
1762560000,2.455,2.513,2.495,2.458,3843.99,CAKE-USD
1762563600,2.453,2.503,2.453,2.502,1749.32,CAKE-USD
1762567200,2.494,2.531,2.498,2.498,2698.1,CAKE-USD
1762570800,2.491,2.517,2.498,2.498,2775.03,CAKE-USD
1762574400,2.494,2.515,2.501,2.495,3315.08,CAKE-USD
1762578000,2.468,2.492,2.491,2.468,4729.63,CAKE-USD
1762581600,2.447,2.473,2.462,2.472,2044.65,CAKE-USD
1762585200,2.469,2.498,2.469,2.495,520.69,CAKE-USD
1762588800,2.493,2.521,2.502,2.505,2624.35,CAKE-USD
1762592400,2.494,2.512,2.503,2.494,5393.82,CAKE-USD
1762596000,2.495,2.546,2.495,2.545,4710.53,CAKE-USD
1762599600,2.522,2.579,2.546,2.524,8771.86,CAKE-USD
1762603200,2.523,2.546,2.525,2.546,1029.52,CAKE-USD
1762606800,2.5,2.53,2.525,2.5,3531.33,CAKE-USD
1762610400,2.481,2.517,2.496,2.517,16842.29,CAKE-USD
1762614000,2.467,2.511,2.511,2.472,3888.37,CAKE-USD
1762617600,2.466,2.484,2.476,2.48,1808.3,CAKE-USD
1762621200,2.479,2.505,2.479,2.505,12805.49,CAKE-USD
1762624800,2.501,2.572,2.505,2.554,3215.92,CAKE-USD
1762628400,2.508,2.566,2.55,2.51,10170.11,CAKE-USD
1762632000,2.51,2.524,2.51,2.519,1015.44,CAKE-USD
1762635600,2.515,2.527,2.523,2.517,1706.88,CAKE-USD
1762639200,2.513,2.523,2.517,2.518,4223.75,CAKE-USD
1762642800,2.513,2.52,2.519,2.513,651.69,CAKE-USD
1762646400,2.493,2.511,2.511,2.509,3037.14,CAKE-USD
1762650000,2.5,2.53,2.514,2.53,4296.42,CAKE-USD
1762653600,2.482,2.527,2.524,2.484,3965.09,CAKE-USD
1762657200,2.476,2.497,2.486,2.497,5327.91,CAKE-USD
1762660800,2.494,2.546,2.499,2.546,12611.66,CAKE-USD
1762664400,2.521,2.557,2.545,2.556,5289.02,CAKE-USD
1762668000,2.555,2.596,2.556,2.569,4899.46,CAKE-USD
1762671600,2.526,2.567,2.567,2.531,12951.9,CAKE-USD
1762675200,2.516,2.541,2.529,2.54,7263.7,CAKE-USD
1762678800,2.51,2.545,2.537,2.51,5875.69,CAKE-USD
1762682400,2.495,2.532,2.499,2.532,6384.68,CAKE-USD
1762686000,2.52,2.534,2.53,2.524,3853.14,CAKE-USD
1762689600,2.519,2.542,2.519,2.519,9919.19,CAKE-USD
1762693200,2.501,2.521,2.515,2.501,1361.31,CAKE-USD
1762696800,2.509,2.542,2.509,2.529,3864.5,CAKE-USD
1762700400,2.531,2.559,2.533,2.542,8640.78,CAKE-USD
1762704000,2.535,2.552,2.535,2.545,2903.02,CAKE-USD
1762707600,2.524,2.543,2.54,2.532,10043.68,CAKE-USD
1762711200,2.516,2.542,2.531,2.538,3604.88,CAKE-USD
1762714800,2.535,2.565,2.537,2.565,9408.82,CAKE-USD
1762718400,2.538,2.566,2.564,2.538,5846.58,CAKE-USD
1762722000,2.52,2.542,2.535,2.542,12800.91,CAKE-USD
1762725600,2.532,2.55,2.539,2.55,5312.24,CAKE-USD
1762729200,2.534,2.553,2.553,2.546,7867.5,CAKE-USD
1762732800,2.545,2.621,2.545,2.596,50972.02,CAKE-USD
1762736400,2.561,2.597,2.588,2.566,5203.85,CAKE-USD
1762740000,2.556,2.575,2.566,2.575,3251.88,CAKE-USD
1762743600,2.558,2.567,2.565,2.562,1349.04,CAKE-USD
1762747200,2.548,2.574,2.567,2.571,6690.81,CAKE-USD
1762750800,2.55,2.576,2.57,2.558,3766.23,CAKE-USD
1762754400,2.542,2.559,2.554,2.551,6443.11,CAKE-USD
1762758000,2.543,2.567,2.551,2.543,679.54,CAKE-USD
1762761600,2.528,2.545,2.543,2.537,4680.48,CAKE-USD
1762765200,2.533,2.548,2.533,2.539,8798.63,CAKE-USD
1762768800,2.513,2.545,2.545,2.523,17915.51,CAKE-USD
1762772400,2.52,2.542,2.53,2.52,1622.12,CAKE-USD
1762776000,2.499,2.526,2.518,2.518,31642.51,CAKE-USD
1762779600,2.526,2.543,2.526,2.527,1909.89,CAKE-USD
1762783200,2.47,2.532,2.532,2.483,142740.34,CAKE-USD
1762786800,2.465,2.501,2.483,2.474,8708.34,CAKE-USD
1762790400,2.455,2.484,2.476,2.466,4282.84,CAKE-USD
1762794000,2.462,2.489,2.462,2.484,2525.98,CAKE-USD
1762797600,2.472,2.486,2.478,2.472,3707.32,CAKE-USD
1762801200,2.472,2.511,2.473,2.503,428.75,CAKE-USD
1762804800,2.503,2.53,2.503,2.513,18159.45,CAKE-USD
1762808400,2.49,2.534,2.512,2.534,20945.18,CAKE-USD
1762812000,2.526,2.666,2.532,2.665,65230.73,CAKE-USD
1762815600,2.612,2.696,2.668,2.632,76960.81,CAKE-USD
1762819200,2.624,2.721,2.632,2.676,127503.88,CAKE-USD
1762822800,2.661,2.72,2.675,2.665,14030.41,CAKE-USD
1762826400,2.653,2.78,2.663,2.77,30379.04,CAKE-USD
1762830000,2.744,2.825,2.77,2.775,71990.75,CAKE-USD
1762833600,2.666,2.794,2.776,2.678,45815.92,CAKE-USD
1762837200,2.64,2.676,2.676,2.649,18764.03,CAKE-USD
1762840800,2.628,2.659,2.651,2.648,19580.08,CAKE-USD
1762844400,2.604,2.659,2.648,2.607,6904.02,CAKE-USD
1762848000,2.594,2.617,2.608,2.607,2881.68,CAKE-USD
1762851600,2.582,2.626,2.607,2.582,3602.26,CAKE-USD
1762855200,2.557,2.587,2.582,2.587,7122.13,CAKE-USD
1762858800,2.583,2.604,2.589,2.586,3807.98,CAKE-USD
1762862400,2.593,2.649,2.593,2.598,25066.67,CAKE-USD
1762866000,2.58,2.622,2.599,2.58,7810.69,CAKE-USD
1762869600,2.569,2.62,2.58,2.618,10936.81,CAKE-USD
1762873200,2.592,2.662,2.613,2.628,24939.14,CAKE-USD
1762876800,2.604,2.638,2.631,2.624,29374.55,CAKE-USD
1762880400,2.619,2.697,2.62,2.636,64424.81,CAKE-USD
1762884000,2.599,2.646,2.644,2.604,8286.64,CAKE-USD
1762887600,2.589,2.612,2.604,2.598,7610.32,CAKE-USD
1762891200,2.568,2.612,2.603,2.576,8404.74,CAKE-USD
1762894800,2.533,2.573,2.573,2.537,9677.03,CAKE-USD
1762898400,2.519,2.548,2.534,2.537,27334.38,CAKE-USD
1762902000,2.518,2.545,2.536,2.519,7359.34,CAKE-USD
1762905600,2.495,2.528,2.52,2.5,27867.41,CAKE-USD
1762909200,2.5,2.534,2.501,2.527,2153.74,CAKE-USD
1762912800,2.508,2.541,2.535,2.52,1480.15,CAKE-USD
1762916400,2.52,2.539,2.52,2.53,6616.52,CAKE-USD
1762920000,2.517,2.536,2.528,2.53,6570.93,CAKE-USD
1762923600,2.515,2.548,2.531,2.516,2086.98,CAKE-USD
1762927200,2.506,2.527,2.516,2.508,5437.97,CAKE-USD
1762930800,2.497,2.515,2.509,2.502,5511.36,CAKE-USD
1762934400,2.504,2.548,2.504,2.547,6392.44,CAKE-USD
1762938000,2.548,2.572,2.548,2.551,2203.91,CAKE-USD
1762941600,2.552,2.574,2.552,2.574,258.26,CAKE-USD
1762945200,2.571,2.59,2.573,2.579,3355.0,CAKE-USD
1762948800,2.561,2.575,2.571,2.571,1095.88,CAKE-USD
1762952400,2.56,2.588,2.567,2.579,2503.35,CAKE-USD
1762956000,2.51,2.578,2.578,2.524,6895.99,CAKE-USD
1762959600,2.473,2.535,2.525,2.476,4442.55,CAKE-USD
1762963200,2.433,2.474,2.471,2.443,2239.45,CAKE-USD
1762966800,2.439,2.479,2.445,2.479,3614.97,CAKE-USD
1762970400,2.455,2.485,2.481,2.457,884.98,CAKE-USD
1762974000,2.439,2.463,2.456,2.454,2164.66,CAKE-USD
1762977600,2.446,2.469,2.453,2.457,2280.9,CAKE-USD
1762981200,2.463,2.478,2.463,2.476,6431.02,CAKE-USD
1762984800,2.468,2.482,2.481,2.468,1199.53,CAKE-USD
1762988400,2.464,2.472,2.47,2.466,717.22,CAKE-USD
1762992000,2.466,2.487,2.466,2.473,14145.49,CAKE-USD
1762995600,2.472,2.501,2.472,2.481,6969.97,CAKE-USD
1762999200,2.477,2.495,2.483,2.485,561.73,CAKE-USD
1763002800,2.459,2.52,2.485,2.507,2649.06,CAKE-USD
1763006400,2.495,2.516,2.503,2.509,2274.6,CAKE-USD
1763010000,2.5,2.54,2.506,2.539,746.26,CAKE-USD
1763013600,2.531,2.542,2.536,2.533,124.55,CAKE-USD
1763017200,2.517,2.546,2.532,2.528,2874.21,CAKE-USD
1763020800,2.523,2.535,2.526,2.527,781.83,CAKE-USD
1763024400,2.479,2.53,2.53,2.489,37605.74,CAKE-USD
1763028000,2.49,2.515,2.49,2.496,505.09,CAKE-USD
1763031600,2.487,2.501,2.496,2.498,346.87,CAKE-USD
1763035200,2.49,2.504,2.497,2.501,1513.67,CAKE-USD
1763038800,2.475,2.503,2.501,2.485,3868.4,CAKE-USD
1763042400,2.454,2.506,2.489,2.494,894.52,CAKE-USD
1763046000,2.463,2.507,2.492,2.475,27903.26,CAKE-USD
1763049600,2.447,2.485,2.477,2.448,5253.57,CAKE-USD
1763053200,2.399,2.45,2.449,2.4,3344.26,CAKE-USD
1763056800,2.359,2.407,2.399,2.372,9268.58,CAKE-USD
1763060400,2.351,2.389,2.373,2.36,31334.23,CAKE-USD
1763064000,2.342,2.371,2.357,2.356,6408.64,CAKE-USD
1763067600,2.344,2.367,2.356,2.358,2342.56,CAKE-USD
1763071200,2.349,2.389,2.356,2.387,2079.78,CAKE-USD
1763074800,2.378,2.418,2.386,2.395,3852.42,CAKE-USD
1763078400,2.376,2.417,2.394,2.386,3206.84,CAKE-USD
1763082000,2.383,2.403,2.386,2.391,4246.72,CAKE-USD
1763085600,2.393,2.431,2.394,2.417,4943.82,CAKE-USD
1763089200,2.394,2.421,2.416,2.403,2637.68,CAKE-USD
1763092800,2.326,2.403,2.403,2.352,3286.66,CAKE-USD
1763096400,2.343,2.37,2.357,2.367,2689.19,CAKE-USD
1763100000,2.344,2.388,2.366,2.386,4623.09,CAKE-USD
1763103600,2.368,2.386,2.379,2.371,1311.13,CAKE-USD
1763107200,2.351,2.372,2.37,2.362,1513.3,CAKE-USD
1763110800,2.336,2.369,2.361,2.339,2905.01,CAKE-USD
1763114400,2.327,2.346,2.338,2.336,6113.63,CAKE-USD
1763118000,2.296,2.338,2.335,2.296,1450.86,CAKE-USD
1763121600,2.267,2.321,2.296,2.32,4654.44,CAKE-USD
1763125200,2.282,2.324,2.318,2.313,1640.19,CAKE-USD
1763128800,2.309,2.385,2.315,2.371,4796.66,CAKE-USD
1763132400,2.355,2.404,2.371,2.382,2363.69,CAKE-USD
1763136000,2.373,2.441,2.38,2.436,7490.65,CAKE-USD
1763139600,2.383,2.442,2.436,2.387,3648.91,CAKE-USD
1763143200,2.37,2.409,2.387,2.377,5591.68,CAKE-USD
1763146800,2.376,2.455,2.378,2.453,29940.6,CAKE-USD
1763150400,2.397,2.467,2.457,2.414,3550.11,CAKE-USD
1763154000,2.401,2.434,2.416,2.415,3627.09,CAKE-USD
1763157600,2.387,2.425,2.415,2.387,5752.54,CAKE-USD
1763161200,2.334,2.374,2.374,2.339,13415.53,CAKE-USD
1763164800,2.338,2.393,2.338,2.382,5408.38,CAKE-USD
1763168400,2.372,2.424,2.383,2.409,13893.02,CAKE-USD
1763172000,2.393,2.415,2.408,2.414,8380.72,CAKE-USD
1763175600,2.41,2.432,2.413,2.424,3248.12,CAKE-USD
1763179200,2.396,2.431,2.423,2.402,39658.13,CAKE-USD
1763182800,2.385,2.414,2.402,2.404,27751.46,CAKE-USD
1763186400,2.396,2.418,2.403,2.406,4000.37,CAKE-USD
1763190000,2.402,2.423,2.404,2.419,1415.4,CAKE-USD
1763193600,2.374,2.421,2.42,2.382,7590.33,CAKE-USD
1763197200,2.376,2.4,2.381,2.384,884.35,CAKE-USD
1763200800,2.378,2.391,2.384,2.387,2446.01,CAKE-USD
1763204400,2.369,2.393,2.388,2.374,341.15,CAKE-USD
1763208000,2.371,2.404,2.374,2.403,279.11,CAKE-USD
1763211600,2.394,2.419,2.402,2.403,250.6,CAKE-USD
1763215200,2.395,2.413,2.403,2.403,17820.19,CAKE-USD
1763218800,2.392,2.408,2.404,2.393,351.55,CAKE-USD
1763222400,2.378,2.401,2.391,2.401,922.42,CAKE-USD
1763226000,2.399,2.422,2.401,2.422,3721.56,CAKE-USD
1763229600,2.415,2.44,2.423,2.43,2059.03,CAKE-USD
1763233200,2.431,2.459,2.431,2.441,1551.79,CAKE-USD
1763236800,2.413,2.447,2.442,2.415,1284.53,CAKE-USD
1763240400,2.402,2.427,2.415,2.405,1003.01,CAKE-USD
1763244000,2.403,2.425,2.404,2.417,4920.44,CAKE-USD
1763247600,2.419,2.436,2.421,2.42,6760.77,CAKE-USD
1763251200,2.397,2.425,2.421,2.401,4221.15,CAKE-USD
1763254800,2.377,2.401,2.4,2.398,1682.46,CAKE-USD
1763258400,2.397,2.44,2.397,2.44,3499.09,CAKE-USD
1763262000,2.432,2.451,2.439,2.432,448.69,CAKE-USD
1763265600,2.416,2.435,2.435,2.432,5642.84,CAKE-USD
1763269200,2.43,2.448,2.431,2.431,929.01,CAKE-USD
1763272800,2.429,2.449,2.43,2.43,3006.33,CAKE-USD
1763276400,2.42,2.433,2.432,2.432,461.92,CAKE-USD
1763280000,2.41,2.433,2.431,2.422,1953.25,CAKE-USD
1763283600,2.411,2.443,2.421,2.443,130.47,CAKE-USD
1763287200,2.441,2.454,2.443,2.448,3546.81,CAKE-USD
1763290800,2.383,2.444,2.444,2.388,646.94,CAKE-USD
1763294400,2.382,2.401,2.386,2.392,145.75,CAKE-USD
1763298000,2.376,2.401,2.392,2.39,1341.55,CAKE-USD
1763301600,2.38,2.411,2.389,2.401,525.18,CAKE-USD
1763305200,2.356,2.402,2.4,2.358,1581.1,CAKE-USD
1763308800,2.331,2.378,2.358,2.339,5215.31,CAKE-USD
1763312400,2.316,2.344,2.34,2.339,1302.61,CAKE-USD
1763316000,2.329,2.379,2.337,2.341,2213.38,CAKE-USD
1763319600,2.334,2.36,2.339,2.335,356.5,CAKE-USD
1763323200,2.334,2.353,2.334,2.336,424.99,CAKE-USD
1763326800,2.314,2.337,2.335,2.326,2018.8,CAKE-USD
1763330400,2.308,2.35,2.324,2.344,4810.26,CAKE-USD
1763334000,2.315,2.366,2.34,2.356,1157.75,CAKE-USD
1763337600,2.333,2.392,2.357,2.388,2064.14,CAKE-USD
1763341200,2.361,2.392,2.387,2.362,1452.86,CAKE-USD
1763344800,2.358,2.383,2.364,2.375,743.79,CAKE-USD
1763348400,2.373,2.397,2.375,2.396,661.82,CAKE-USD
1763352000,2.381,2.4,2.398,2.381,182.02,CAKE-USD
1763355600,2.372,2.385,2.38,2.378,1423.67,CAKE-USD
1763359200,2.365,2.382,2.378,2.382,67.83,CAKE-USD
1763362800,2.373,2.386,2.381,2.383,795.2,CAKE-USD
1763366400,2.375,2.392,2.387,2.376,882.97,CAKE-USD
1763370000,2.37,2.391,2.376,2.391,189.6,CAKE-USD
1763373600,2.385,2.404,2.393,2.385,1881.65,CAKE-USD
1763377200,2.381,2.4,2.385,2.382,198.33,CAKE-USD
1763380800,2.369,2.383,2.381,2.378,1036.22,CAKE-USD
1763384400,2.302,2.382,2.381,2.312,5529.76,CAKE-USD
1763388000,2.304,2.391,2.314,2.352,3346.85,CAKE-USD
1763391600,2.318,2.36,2.35,2.338,7036.96,CAKE-USD
1763395200,2.311,2.368,2.336,2.366,3805.69,CAKE-USD
1763395200,2.311,2.368,2.336,2.366,3805.69,CAKE-USD
1763398800,2.318,2.372,2.368,2.325,2020.28,CAKE-USD
1763402400,2.309,2.34,2.326,2.316,1363.2,CAKE-USD
1763406000,2.281,2.319,2.315,2.291,2792.88,CAKE-USD
1763409600,2.275,2.312,2.291,2.302,4963.19,CAKE-USD
1763413200,2.283,2.319,2.303,2.299,4779.46,CAKE-USD
1763416800,2.29,2.318,2.299,2.313,5573.88,CAKE-USD
1763420400,2.299,2.318,2.31,2.312,634.47,CAKE-USD
1763424000,2.283,2.328,2.313,2.326,4778.52,CAKE-USD
1763427600,2.32,2.343,2.328,2.325,675.36,CAKE-USD
1763431200,2.297,2.346,2.324,2.303,1232.9,CAKE-USD
1763434800,2.278,2.327,2.304,2.315,1690.28,CAKE-USD
1763438400,2.286,2.331,2.316,2.326,2035.86,CAKE-USD
1763442000,2.315,2.346,2.325,2.327,1287.75,CAKE-USD
1763445600,2.299,2.333,2.327,2.303,881.02,CAKE-USD
1763449200,2.297,2.33,2.302,2.324,2136.37,CAKE-USD
1763452800,2.324,2.352,2.325,2.348,1798.93,CAKE-USD
1763456400,2.334,2.363,2.35,2.359,683.46,CAKE-USD
1763460000,2.352,2.37,2.358,2.366,17711.4,CAKE-USD
1763463600,2.34,2.365,2.364,2.342,608.41,CAKE-USD
1763467200,2.32,2.35,2.342,2.345,17902.12,CAKE-USD
1763470800,2.321,2.345,2.344,2.334,1079.97,CAKE-USD
1763474400,2.328,2.362,2.335,2.335,1073.04,CAKE-USD
1763478000,2.325,2.383,2.333,2.375,508.77,CAKE-USD
1763481600,2.375,2.429,2.375,2.418,25099.76,CAKE-USD
1763485200,2.395,2.426,2.42,2.406,2843.49,CAKE-USD
1763488800,2.404,2.418,2.409,2.413,4867.87,CAKE-USD
1763492400,2.405,2.42,2.414,2.413,478.58,CAKE-USD
1763496000,2.401,2.416,2.414,2.401,107.13,CAKE-USD
1763499600,2.382,2.402,2.4,2.382,1703.47,CAKE-USD
1763503200,2.385,2.409,2.386,2.404,2766.56,CAKE-USD
1763506800,2.384,2.405,2.405,2.391,1266.35,CAKE-USD
1763510400,2.366,2.391,2.391,2.387,1040.7,CAKE-USD
1763514000,2.378,2.399,2.387,2.392,855.13,CAKE-USD
1763517600,2.39,2.41,2.392,2.402,11572.47,CAKE-USD
1763521200,2.378,2.407,2.399,2.384,9720.39,CAKE-USD
1763524800,2.364,2.385,2.385,2.366,1125.63,CAKE-USD
1763528400,2.329,2.367,2.367,2.341,5904.97,CAKE-USD
1763532000,2.339,2.37,2.34,2.367,887.32,CAKE-USD
1763535600,2.365,2.382,2.366,2.379,1228.93,CAKE-USD
1763539200,2.365,2.388,2.38,2.365,250.58,CAKE-USD
1763542800,2.355,2.37,2.363,2.37,194.09,CAKE-USD
1763546400,2.36,2.379,2.367,2.36,467.58,CAKE-USD
1763550000,2.351,2.367,2.36,2.354,733.16,CAKE-USD
1763553600,2.351,2.364,2.352,2.363,380.89,CAKE-USD
1763557200,2.35,2.373,2.361,2.35,2406.28,CAKE-USD
1763560800,2.296,2.353,2.35,2.345,34068.85,CAKE-USD
1763564400,2.288,2.369,2.344,2.291,7327.28,CAKE-USD
1763568000,2.262,2.302,2.29,2.274,1940.57,CAKE-USD
1763571600,2.233,2.28,2.273,2.262,5836.89,CAKE-USD
1763575200,2.229,2.268,2.26,2.247,4620.51,CAKE-USD
1763578800,2.233,2.253,2.245,2.248,314.75,CAKE-USD
1763582400,2.242,2.281,2.246,2.279,6625.01,CAKE-USD
1763586000,2.272,2.311,2.278,2.304,10150.72,CAKE-USD
1763589600,2.279,2.303,2.303,2.282,1582.4,CAKE-USD
1763593200,2.277,2.304,2.284,2.29,1235.82,CAKE-USD
1763596800,2.284,2.313,2.29,2.299,565.13,CAKE-USD
1763600400,2.298,2.313,2.299,2.307,321.1,CAKE-USD
1763604000,2.307,2.324,2.308,2.317,1332.77,CAKE-USD
1763607600,2.306,2.32,2.316,2.31,686.58,CAKE-USD
1763611200,2.301,2.327,2.31,2.327,2050.97,CAKE-USD
1763614800,2.311,2.329,2.326,2.311,210.13,CAKE-USD
1763618400,2.283,2.313,2.311,2.289,2210.4,CAKE-USD
1763622000,2.283,2.3,2.289,2.298,755.25,CAKE-USD
1763625600,2.286,2.299,2.298,2.296,257.22,CAKE-USD
1763629200,2.288,2.301,2.297,2.297,362.52,CAKE-USD
1763632800,2.268,2.297,2.297,2.278,1269.98,CAKE-USD
1763636400,2.275,2.29,2.277,2.285,2931.97,CAKE-USD
1763640000,2.272,2.296,2.284,2.292,21051.32,CAKE-USD
1763643600,2.265,2.296,2.292,2.269,4908.22,CAKE-USD
1763647200,2.25,2.28,2.268,2.263,5251.85,CAKE-USD
1763650800,2.242,2.273,2.26,2.256,25816.95,CAKE-USD
1763654400,2.2,2.26,2.257,2.21,8648.58,CAKE-USD
1763658000,2.194,2.228,2.207,2.224,11803.38,CAKE-USD
1763661600,2.201,2.234,2.223,2.207,6210.55,CAKE-USD
1763665200,2.193,2.22,2.206,2.218,10311.42,CAKE-USD
1763668800,2.203,2.219,2.217,2.204,828.47,CAKE-USD
1763672400,2.203,2.225,2.204,2.215,1004.01,CAKE-USD
1763676000,2.214,2.235,2.215,2.23,10526.17,CAKE-USD
1763679600,2.196,2.231,2.23,2.198,3604.38,CAKE-USD
1763683200,2.195,2.216,2.198,2.216,1674.58,CAKE-USD
1763686800,2.213,2.233,2.217,2.224,3954.91,CAKE-USD
1763690400,2.179,2.226,2.224,2.183,4080.33,CAKE-USD
1763694000,2.182,2.203,2.182,2.191,2897.38,CAKE-USD
1763697600,2.174,2.2,2.19,2.194,9592.8,CAKE-USD
1763701200,2.176,2.2,2.195,2.182,1016.0,CAKE-USD
1763704800,2.164,2.187,2.184,2.166,591.87,CAKE-USD
1763708400,2.015,2.168,2.167,2.101,30938.56,CAKE-USD
1763712000,2.078,2.117,2.1,2.095,8419.49,CAKE-USD
1763715600,2.044,2.109,2.096,2.045,4719.84,CAKE-USD
1763719200,2.032,2.062,2.046,2.035,10078.46,CAKE-USD
1763722800,2.004,2.058,2.033,2.006,14327.09,CAKE-USD
1763726400,1.967,2.052,2.005,2.043,10838.86,CAKE-USD
1763730000,2.032,2.075,2.043,2.046,9060.93,CAKE-USD
1763733600,2.028,2.067,2.047,2.064,4217.55,CAKE-USD
1763737200,2.006,2.067,2.065,2.013,4793.74,CAKE-USD
1763740800,1.993,2.06,2.014,2.057,11017.79,CAKE-USD
1763744400,2.052,2.103,2.059,2.092,28333.28,CAKE-USD
1763748000,2.045,2.093,2.093,2.077,1725.57,CAKE-USD
1763751600,2.057,2.083,2.076,2.06,626.13,CAKE-USD
1763755200,2.038,2.063,2.061,2.054,3695.45,CAKE-USD
1763758800,2.046,2.089,2.055,2.082,1721.97,CAKE-USD
1763762400,2.032,2.091,2.086,2.032,7777.56,CAKE-USD
1763766000,2.021,2.081,2.029,2.073,1252.62,CAKE-USD
1763769600,2.069,2.089,2.074,2.081,3271.96,CAKE-USD
1763773200,2.073,2.092,2.084,2.088,1635.13,CAKE-USD
1763776800,2.067,2.091,2.088,2.078,509.81,CAKE-USD
1763780400,2.068,2.085,2.077,2.075,275.23,CAKE-USD
1763784000,2.039,2.077,2.076,2.056,2561.72,CAKE-USD
1763787600,2.029,2.062,2.056,2.039,1951.59,CAKE-USD
1763791200,2.03,2.071,2.039,2.069,421.99,CAKE-USD
1763794800,2.062,2.077,2.068,2.07,3759.01,CAKE-USD
1763798400,2.014,2.069,2.069,2.018,2091.92,CAKE-USD
1763802000,2.011,2.045,2.019,2.032,2122.97,CAKE-USD
1763805600,2.027,2.045,2.033,2.039,906.4,CAKE-USD
1763809200,2.036,2.073,2.039,2.061,4393.54,CAKE-USD
1763812800,2.03,2.06,2.06,2.038,4097.3,CAKE-USD
1763816400,2.03,2.145,2.038,2.143,36132.34,CAKE-USD
1763820000,2.139,2.224,2.143,2.187,114203.35,CAKE-USD
1763823600,2.15,2.2,2.19,2.186,17349.24,CAKE-USD
1763827200,2.178,2.21,2.189,2.197,15404.58,CAKE-USD
1763830800,2.177,2.202,2.196,2.191,7069.7,CAKE-USD
1763834400,2.191,2.21,2.192,2.208,4544.32,CAKE-USD
1763838000,2.211,2.247,2.211,2.243,11036.08,CAKE-USD
1763841600,2.21,2.267,2.243,2.225,26000.8,CAKE-USD
1763845200,2.211,2.23,2.224,2.226,2373.6,CAKE-USD
1763848800,2.213,2.251,2.225,2.25,5433.09,CAKE-USD
1763852400,2.248,2.288,2.25,2.259,23831.85,CAKE-USD
1763856000,2.235,2.279,2.259,2.255,8871.17,CAKE-USD
1763859600,2.247,2.276,2.255,2.254,17750.68,CAKE-USD
1763863200,2.25,2.279,2.251,2.269,2635.5,CAKE-USD
1763866800,2.253,2.277,2.269,2.277,4973.5,CAKE-USD
1763870400,2.265,2.287,2.273,2.271,4251.66,CAKE-USD
1763874000,2.259,2.268,2.268,2.263,2391.14,CAKE-USD
1763877600,2.25,2.269,2.262,2.253,1388.4,CAKE-USD
1763881200,2.242,2.259,2.252,2.259,695.31,CAKE-USD
1763884800,2.251,2.264,2.258,2.264,2938.59,CAKE-USD
1763888400,2.242,2.267,2.262,2.248,21937.29,CAKE-USD
1763892000,2.234,2.252,2.247,2.241,6406.56,CAKE-USD
1763895600,2.241,2.264,2.245,2.261,1665.78,CAKE-USD
1763899200,2.262,2.283,2.262,2.274,1361.48,CAKE-USD
1763902800,2.261,2.28,2.273,2.27,3558.19,CAKE-USD
1763906400,2.253,2.281,2.273,2.253,6677.13,CAKE-USD
1763910000,2.255,2.283,2.255,2.27,1214.05,CAKE-USD
1763913600,2.264,2.281,2.27,2.264,1414.34,CAKE-USD
1763917200,2.254,2.268,2.266,2.266,1732.29,CAKE-USD
1763920800,2.262,2.276,2.265,2.263,1230.78,CAKE-USD
1763924400,2.259,2.279,2.268,2.268,2753.72,CAKE-USD
1763928000,2.266,2.281,2.266,2.279,1869.21,CAKE-USD
1763931600,2.272,2.283,2.278,2.277,2360.87,CAKE-USD
1763935200,2.264,2.283,2.275,2.283,12146.49,CAKE-USD
1763938800,2.244,2.284,2.284,2.248,1716.0,CAKE-USD
1763942400,2.238,2.261,2.248,2.244,632.55,CAKE-USD
1763946000,2.242,2.263,2.243,2.26,977.64,CAKE-USD
1763949600,2.26,2.303,2.26,2.299,4845.46,CAKE-USD
1763953200,2.285,2.306,2.301,2.291,7935.38,CAKE-USD
1763956800,2.265,2.299,2.293,2.285,1731.15,CAKE-USD
1763960400,2.289,2.321,2.289,2.31,2461.61,CAKE-USD
1763964000,2.297,2.328,2.312,2.322,1004.28,CAKE-USD
1763967600,2.312,2.357,2.322,2.347,9551.96,CAKE-USD
1763971200,2.328,2.376,2.348,2.365,12264.43,CAKE-USD
1763974800,2.327,2.365,2.364,2.327,4070.07,CAKE-USD
1763978400,2.318,2.335,2.334,2.323,1548.34,CAKE-USD
1763982000,2.313,2.341,2.324,2.334,2031.28,CAKE-USD
1763985600,2.322,2.344,2.333,2.331,4999.97,CAKE-USD
1763989200,2.32,2.378,2.33,2.321,28155.78,CAKE-USD
1763992800,2.248,2.319,2.319,2.28,28089.39,CAKE-USD
1763996400,2.278,2.35,2.283,2.345,6617.97,CAKE-USD
1764000000,2.326,2.347,2.347,2.333,3792.87,CAKE-USD
1764003600,2.332,2.364,2.333,2.364,9338.67,CAKE-USD
1764007200,2.361,2.374,2.366,2.373,9414.6,CAKE-USD
1764010800,2.366,2.382,2.372,2.376,2332.28,CAKE-USD
1764014400,2.374,2.406,2.376,2.395,5067.42,CAKE-USD
1764018000,2.379,2.404,2.395,2.388,2390.63,CAKE-USD
1764021600,2.37,2.395,2.391,2.374,2499.47,CAKE-USD
1764025200,2.35,2.381,2.371,2.363,89425.43,CAKE-USD
1764028800,2.354,2.367,2.364,2.36,3906.87,CAKE-USD
1764032400,2.346,2.366,2.36,2.349,6978.76,CAKE-USD
1764036000,2.333,2.352,2.345,2.342,17064.14,CAKE-USD
1764039600,2.334,2.345,2.345,2.336,24.35,CAKE-USD
1764043200,2.334,2.347,2.341,2.342,421.43,CAKE-USD
1764046800,2.336,2.349,2.344,2.342,11230.91,CAKE-USD
1764050400,2.343,2.36,2.343,2.356,4409.65,CAKE-USD
1764054000,2.35,2.362,2.355,2.353,6962.71,CAKE-USD
1764057600,2.342,2.36,2.35,2.347,709.97,CAKE-USD
1764061200,2.333,2.356,2.346,2.356,400.12,CAKE-USD
1764064800,2.354,2.37,2.356,2.367,375.34,CAKE-USD
1764068400,2.365,2.379,2.368,2.379,783.04,CAKE-USD
1764072000,2.377,2.394,2.378,2.392,1108.97,CAKE-USD
1764075600,2.375,2.393,2.392,2.381,970.14,CAKE-USD
1764079200,2.34,2.385,2.379,2.357,3855.8,CAKE-USD
1764082800,2.343,2.374,2.35,2.368,1963.59,CAKE-USD
1764086400,2.368,2.389,2.372,2.384,1191.69,CAKE-USD
1764090000,2.385,2.41,2.386,2.397,3078.27,CAKE-USD
1764093600,2.389,2.404,2.397,2.394,1804.57,CAKE-USD
1764097200,2.372,2.4,2.396,2.4,3238.84,CAKE-USD
1764100800,2.396,2.405,2.401,2.403,1754.36,CAKE-USD
1764104400,2.397,2.406,2.406,2.4,1349.09,CAKE-USD
1764108000,2.381,2.414,2.397,2.414,1407.14,CAKE-USD
1764111600,2.416,2.43,2.416,2.423,728.93,CAKE-USD
1764115200,2.422,2.441,2.426,2.423,913.65,CAKE-USD
1764118800,2.423,2.442,2.423,2.439,732.84,CAKE-USD
1764122400,2.424,2.443,2.441,2.425,3423.05,CAKE-USD
1764126000,2.404,2.43,2.428,2.405,2501.17,CAKE-USD
1764129600,2.391,2.407,2.407,2.393,919.24,CAKE-USD
1764133200,2.394,2.407,2.394,2.401,824.17,CAKE-USD
1764136800,2.4,2.412,2.401,2.41,173.1,CAKE-USD
1764140400,2.398,2.411,2.411,2.401,42.02,CAKE-USD
1764144000,2.391,2.402,2.401,2.396,1266.07,CAKE-USD
1764147600,2.383,2.395,2.394,2.388,1182.61,CAKE-USD
1764151200,2.384,2.397,2.391,2.388,247.6,CAKE-USD
1764154800,2.384,2.393,2.391,2.387,13.79,CAKE-USD
1764158400,2.373,2.387,2.386,2.386,184.94,CAKE-USD
1764162000,2.385,2.406,2.385,2.406,773.46,CAKE-USD
1764165600,2.386,2.406,2.405,2.394,1199.86,CAKE-USD
1764169200,2.387,2.407,2.393,2.406,2424.96,CAKE-USD
1764172800,2.397,2.416,2.407,2.416,3203.31,CAKE-USD
1764176400,2.415,2.459,2.415,2.459,4584.43,CAKE-USD
1764180000,2.458,2.475,2.462,2.465,9791.18,CAKE-USD
1764183600,2.455,2.471,2.465,2.471,271.91,CAKE-USD
1764187200,2.457,2.47,2.47,2.463,435.26,CAKE-USD
1764190800,2.456,2.472,2.465,2.471,847.52,CAKE-USD
1764194400,2.466,2.475,2.469,2.475,676.64,CAKE-USD
1764198000,2.467,2.477,2.474,2.472,75.35,CAKE-USD
1764201600,2.461,2.474,2.473,2.468,842.11,CAKE-USD
1764205200,2.462,2.483,2.467,2.48,910.02,CAKE-USD
1764208800,2.478,2.498,2.478,2.479,507.8,CAKE-USD
1764212400,2.47,2.483,2.48,2.476,818.28,CAKE-USD
1764216000,2.465,2.478,2.473,2.465,755.95,CAKE-USD
1764219600,2.45,2.469,2.466,2.458,2052.21,CAKE-USD
1764223200,2.457,2.466,2.462,2.457,39.1,CAKE-USD
1764226800,2.456,2.471,2.456,2.47,1504.43,CAKE-USD
1764230400,2.46,2.469,2.469,2.465,592.33,CAKE-USD
1764234000,2.462,2.469,2.462,2.469,292.77,CAKE-USD
1764237600,2.464,2.48,2.475,2.474,2500.5,CAKE-USD
1764241200,2.462,2.475,2.474,2.462,846.25,CAKE-USD
1764244800,2.452,2.466,2.463,2.454,1548.93,CAKE-USD
1764248400,2.452,2.462,2.459,2.458,1416.56,CAKE-USD
1764252000,2.452,2.463,2.458,2.458,727.72,CAKE-USD
1764255600,2.447,2.475,2.462,2.475,12213.52,CAKE-USD
1764259200,2.467,2.476,2.475,2.474,1032.81,CAKE-USD
1764262800,2.471,2.476,2.473,2.475,6062.66,CAKE-USD
1764266400,2.461,2.492,2.474,2.485,19763.75,CAKE-USD
1764270000,2.481,2.494,2.486,2.493,15245.69,CAKE-USD
1764273600,2.479,2.494,2.49,2.481,3394.72,CAKE-USD
1764277200,2.483,2.49,2.483,2.487,1796.52,CAKE-USD
1764280800,2.476,2.493,2.487,2.483,3070.43,CAKE-USD
1764284400,2.476,2.49,2.483,2.481,621.41,CAKE-USD
1764288000,2.48,2.499,2.481,2.499,546.13,CAKE-USD
1764291600,2.47,2.505,2.499,2.47,3227.61,CAKE-USD
1764295200,2.462,2.48,2.47,2.471,2267.81,CAKE-USD
1764295200,2.462,2.48,2.47,2.471,2267.81,CAKE-USD
1764298800,2.47,2.479,2.471,2.47,578.2,CAKE-USD
1764302400,2.463,2.475,2.475,2.469,1404.15,CAKE-USD
1764306000,2.469,2.472,2.471,2.472,994.37,CAKE-USD
1764309600,2.46,2.473,2.471,2.46,286.96,CAKE-USD
1764313200,2.445,2.466,2.46,2.452,1390.15,CAKE-USD
1764316800,2.452,2.478,2.452,2.467,1213.96,CAKE-USD
1764320400,2.47,2.475,2.47,2.473,98.21,CAKE-USD
1764324000,2.455,2.467,2.467,2.465,19611.53,CAKE-USD
1764327600,2.448,2.462,2.461,2.459,861.73,CAKE-USD
1764331200,2.455,2.462,2.462,2.457,68.78,CAKE-USD
1764334800,2.451,2.471,2.457,2.462,1478.97,CAKE-USD
1764338400,2.435,2.465,2.461,2.446,1797.8,CAKE-USD
1764342000,2.438,2.452,2.438,2.448,775.62,CAKE-USD
1764345600,2.392,2.446,2.446,2.392,4330.14,CAKE-USD
1764349200,2.366,2.395,2.394,2.378,16517.14,CAKE-USD
1764352800,2.368,2.39,2.378,2.39,1539.58,CAKE-USD
1764356400,2.385,2.401,2.387,2.394,566.65,CAKE-USD
1764360000,2.388,2.402,2.393,2.401,758.51,CAKE-USD
1764363600,2.393,2.401,2.399,2.393,951.22,CAKE-USD
1764367200,2.388,2.4,2.391,2.4,542.22,CAKE-USD
1764370800,2.393,2.4,2.4,2.394,597.96,CAKE-USD
1764374400,2.387,2.397,2.394,2.397,1900.97,CAKE-USD
1764378000,2.394,2.403,2.4,2.394,2562.04,CAKE-USD
1764381600,2.385,2.394,2.394,2.388,1302.39,CAKE-USD
1764385200,2.386,2.392,2.389,2.388,912.12,CAKE-USD
1764388800,2.379,2.391,2.391,2.383,330.9,CAKE-USD
1764392400,2.378,2.384,2.381,2.383,537.43,CAKE-USD
1764396000,2.366,2.381,2.381,2.366,2534.98,CAKE-USD
1764399600,2.347,2.371,2.365,2.359,14221.85,CAKE-USD
1764403200,2.358,2.373,2.358,2.372,898.15,CAKE-USD
1764406800,2.366,2.371,2.369,2.367,573.65,CAKE-USD
1764410400,2.356,2.366,2.366,2.365,863.44,CAKE-USD
1764414000,2.356,2.364,2.364,2.356,150.81,CAKE-USD
1764417600,2.351,2.358,2.357,2.351,522.09,CAKE-USD
1764421200,2.348,2.353,2.348,2.349,363.43,CAKE-USD
1764424800,2.347,2.351,2.347,2.348,241.79,CAKE-USD
1764428400,2.349,2.361,2.349,2.359,10539.21,CAKE-USD
1764432000,2.346,2.359,2.358,2.353,1459.98,CAKE-USD
1764435600,2.342,2.348,2.346,2.345,5925.2,CAKE-USD
1764439200,2.339,2.35,2.346,2.346,361.37,CAKE-USD
1764442800,2.341,2.349,2.347,2.349,2237.86,CAKE-USD
1764446400,2.348,2.35,2.35,2.35,36.99,CAKE-USD
1764450000,2.346,2.351,2.35,2.346,21.1,CAKE-USD
1764453600,2.344,2.348,2.346,2.348,1156.65,CAKE-USD
1764457200,2.35,2.355,2.35,2.353,2275.15,CAKE-USD
1764460800,2.354,2.363,2.355,2.362,461.31,CAKE-USD
